unityscene	name	position	rotation	scale
unityscene	name	position	rotation	scale
DN_maincity_sstt	Cj_zc_05	-49.31074|3.164164|-41.01064	0.1676526|7.019788|356.936	1|1|1
DN_maincity_sstt	sstt_pq_01	2.35|0.49|-53.09	0|353.2413|0	1|1|1
DN_maincity_sstt	Cj_zc_sy	-14.09|5.37|-38.3	0|0|0	1|1|1
DN_maincity_sstt	Cj_zc_hd_01	-8.692|0.504|-40.504	0|0|0	1|1|1
DN_maincity_sstt	Cj_zc_hd	-9.15|0.842|-39.259	0|0|0	1|1|1
DN_maincity_sstt	Cj_zc_hd_01	-13.967|0.598|-36.275	0|304.4729|0	1|1|1
DN_maincity_sstt	Cj_zc_hd	-24.262|0.81|-12.59	0|0|0	1|1|1
DN_maincity_sstt	Cj_zc_hd_01	19.016|0.676|-42.204	0|0|0	1|1|1
DN_maincity_sstt	Cj_zc_hd	17.606|0.72|-63.082	0|0|0	1|1|1
DN_maincity_sstt	Cj_zc_hd_01	18.049|0.5|-63.898	0|0|0	1|1|1
DN_maincity_sstt	Cj_zc_hd_01	-13.41|0.465|-53.67	0|0|0	1|1|1
DN_maincity_sstt	Cj_zc_hd	-13.85|0.685|-52.86	0|0|0	1|1|1
DN_maincity_sstt	chaoxue_m_01	-52.01|0.38|-59.64	0|166.2116|0	0.7812719|0.781272|0.7812721
DN_maincity_sstt	Cj_zc_06	2.410004|0|-22.3	0|265.9437|0	1|1|1
DN_maincity_sstt	Cj_zc_06	4.51|0|-19.41	0|146.3428|0	1|1|1
DN_maincity_sstt	Cj_zc_06	0.93|0.25|-18.93	0|19.6256|0	1|1|1
DN_maincity_sstt	S_fire_01	24.06754|0.4391174|-40.02903	270|0|0	1|1|1
DN_maincity_sstt	S_fire_01	23.47784|0.6673813|-39.58638	270|0|0	1|1|1
DN_maincity_sstt	S_fire_02	-47.99414|1.798546|-67.86892	270|0|0	1|1|1
DN_maincity_sstt	S_fire_02	-40.43164|1.798546|-72.30473	270|0|0	1|1|1
DN_maincity_sstt	sstt_pq_00	2.28|0.21|-53.6	270|0|0	1|1|1
3v3_zhandou	S_fire_01	81.11|0.14|85.88	270|0|0	1|1|1
3v3_zhandou	S_fire_03	78.598|1.069|74.655	270|0|0	1|1|1
3v3_zhandou	S_fire_03	74.415|1.069|78.791	270|0|0	1|1|1
3v3_zhandou	S_fire_blue 1	34.646|1.01|40.99	270|0|0	1|1|1
3v3_zhandou	S_fire_blue 1	40.914|1.01|34.937	270|0|0	1|1|1
3v3_zhandou	S_fire_blue 1	16.864|1.01|34.94	270|0|0	1|1|1
3v3_zhandou	S_fire_blue 1	22.796|1.01|41.009	270|0|0	1|1|1
3v3_zhandou	S_fire_03	22.948|0.945|16.763	270|0|0	1|1|1
3v3_zhandou	S_fire_03	16.764|0.94|22.807	270|0|0	1|1|1
3v3_zhandou	S_fire_03	40.884|0.94|22.747	270|0|0	1|1|1
3v3_zhandou	S_fire_03	35.081|0.94|16.749	270|0|0	1|1|1
3v3_zhandou	S_fire_01	85.83|0.187|76.4	270|0|0	1|1|1
3v3_zhandou	S_fire_01	96.016|0.19|18.027	270|317.7934|0	1|1|1
3v3_zhandou	S_fire_01	87.59|0.065|16.71	270|317.7934|0	1|1|1
3v3_zhandou	S_fire_03	82.873|1.1|20.998	270|0|0	1|1|1
3v3_zhandou	S_fire_03	82.914|1.1|15.115	270|0|0	1|1|1
DN_Kaidela	S_fire_01	37.55|10.38|58.51	270|0|0	1|1|1
DN_Kaidela	CJ_xsg_fire_01	64.73|9.97|54.97	0|0|0	1|1|1
DN_Kaidela	CJ_xsg_fire_01	56.3|18.52|30.71	0|0|0	1|1|1
DN_Kaidela	CJ_xsg_fire_03	40.63|9.97|34.84	0|0|0	1|1|1
DN_Kaidela	CJ_xsg_fire_05	51.4|11.81|41.43	0|0|0	1|1|1
DN_Kaidela	CJ_xsg_fire_04	59.21|17.97|31.09	0|0|0	1|1|1
DN_Kaidela	CJ_xsg_fire_02	39.43|9.99|45.29	0|0|0	1|1|1
DN_Lv1_1_0	Cj_zc_hd	129.49|5.89|84.04	0|0|0	1|1|1
DN_Lv1_1_0	Cj_zc_hd_01	129.15|5.59|83.58	0|0|0	1|1|1
DN_Lv1_1_0	Cj_zc_hd	107.824|6.518|74.101	0|0|0	1|1|1
DN_Lv1_1_0	Cj_zc_hd_01	114.421|6.858|83.877	0|0|0	1|1|1
DN_Lv1_1_0	zdcj_1-1glow	113.53|12.93|86	-4.268868E-05|144.7558|48.16729	10.16689|5.919292|10.16688
DN_Lv1_1_0	zdcj_1-1sizhouweirao	144.376|5.759|76.085	0|0|0	1|1|1
DN_Lv1_1_0	zdcj_1-1sizhouweirao	114.5|7.33|84.26	0|0|0	1|1|1
DN_Lv1_1_0	zdcj_1-1sizhouweirao	109.88|7|73.49	0|0|0	1|1|1
DN_Lv1_1_0	zdcj_1-1sizhouweirao	130.71|6.17|73.32	0|225.6403|0	1|1|1
DN_Lv1_1_1	S_fire_01	18.581|5.587|135.848	270|274.6922|0	1|1|1
DN_Lv1_1_1	S_fire_01	33.354|5.566|132.046	270|274.6922|0	1|1|1
DN_Lv1_1_1	S_fire_01	22.451|8.612|83.574	270|274.6922|0	1|1|1
DN_Lv1_1_1	S_fire_01	5.105|5.8|63.804	270|274.6922|0	1|1|1
DN_Lv1_1_1	zdcj_1-1glow	-12.2|10.85|4.33	358.5629|59.49998|46.84092	14.11921|9.480221|11.84386
DN_Lv1_1_1	zdcj_1-1glow	41.9|13.89|134.1	346.9967|197.5021|62.85675	15.11487|16.12177|20.1413
DN_Lv1_1_1	zdcj_1-1glow	-5.74|12.52|28.06	31.9278|339.4038|45.56952	19.19639|15.08076|18.84075
DN_Lv1_1_1	S_fire_03	125.4421|9.950069|27.90825	270|0|0	1|1|1
DN_Lv1_1_1	S_fire_03	99.57212|11.60007|46.06824	270|0|0	1|1|1
DN_Lv1_1_1	S_fire_03	101.4621|11.67007|45.95824	270|0|0	1|1|1
DN_Lv1_1_1	S_fire_03	103.5921|7.370071|8.658249	270|38.17961|0	1|1|1
DN_Lv1_1_1	S_fire_03	123.7421|9.950069|31.28825	270|0|0	1|1|1
DN_Lv1_1_1	S_fire_03	74.33212|9.910072|28.32825	270|237.1645|0	1|1|1
DN_Lv1_1_1	S_fire_03	76.27212|9.910072|31.59825	270|237.1645|0	1|1|1
DN_Lv1_1_2	S_fire_01	-7.513|-6.489|4.738	270|0|0	1|1|1
DN_Lv1_1_2	S_fire_01	36.34|-1|52.45	270|0|0	1|1|1
DN_Lv1_1_2	S_fire_01	101.22|-2.531|-11.13	270|0|0	1|1|1
DN_Lv1_1_2	S_fire_01	96.517|-1.922|65.473	270|0|0	1|1|1
DN_Lv1_1_3	S_fire_01	-7.513|-6.489|4.738	270|0|0	1|1|1
DN_Lv1_1_3	S_fire_01	36.34|-1|52.45	270|0|0	1|1|1
DN_Lv1_1_3	S_fire_01	101.22|-2.531|-11.13	270|0|0	1|1|1
DN_Lv1_1_3	S_fire_01	96.517|-1.922|65.473	270|0|0	1|1|1
DN_Lv1_1_4	S_fire_02	14.39566|1.328318|14.92865	270|0|0	1|1|1
DN_Lv1_1_4	S_fire_02	15.8444|1.328318|32.14423	270|0|0	1|1|1
DN_Lv1_1_4	S_fire_02	8.104618|1.328318|32.14423	270|0|0	1|1|1
DN_Lv1_1_4	S_fire_02	8.104618|1.328318|50.35865	270|0|0	1|1|1
DN_Lv1_1_4	S_fire_02	15.8444|1.328318|50.35865	270|0|0	1|1|1
DN_Lv1_1_4	S_fire_02	15.8444|1.328318|68.54491	270|0|0	1|1|1
DN_Lv1_1_4	S_fire_02	8.109|1.33|68.44	270|0|0	1|1|1
DN_Lv1_1_4	S_fire_02	8.104618|1.328318|77.53847	270|0|0	1|1|1
DN_Lv1_1_4	S_fire_02	25.21|1.328|81.371	270|0|0	1|1|1
DN_Lv1_1_4	S_fire_02	37.587|1.328|85.708	270|0|0	1|1|1
DN_Lv1_1_4	S_fire_02	45.487|1.328|81.188	270|0|0	1|1|1
DN_Lv1_1_4	S_fire_02	45.287|1.328|64.207	270|0|0	1|1|1
DN_Lv1_1_4	S_fire_02	24.96779|1.328318|64.36134	270|0|0	1|1|1
DN_Lv1_1_4	S_fire_02	69|2.85|96	270|0|0	1|1|1
DN_Lv1_1_4	S_fire_02	88.4|3.08|96	270|0|0	1|1|1
DN_Lv1_1_4	S_fire_02	102.2|2.94|82.2	270|0|0	1|1|1
DN_Lv1_1_4	S_fire_02	102|2.89|62.7	270|0|0	1|1|1
DN_Lv1_1_4	S_fire_02	88.3|2.87|48.9	270|0|0	1|1|1
DN_Lv1_1_4	S_fire_02	68.8|2.87|49	270|0|0	1|1|1
DN_Lv1_1_4	S_fire_02	-0.1329308|1.328318|11.50241	270|0|0	1|1|1
DN_Lv1_1_4	S_fire_02	-7.888|1.33|11.43	270|0|0	1|1|1
DN_Lv1_1_4	S_fire_02	-6.390831|1.328318|19.59165	270|0|0	1|1|1
DN_Lv1_1_4	S_fire_02	-0.13|1.33|-2.05	270|0|0	1|1|1
DN_Lv1_1_4	S_fire_02	-7.89|1.33|-2.04	270|0|0	1|1|1
DN_Lv1_1_5	fuwen_glow_01	-4.77|14.449|50.83	0|0|0	1|1|1
DN_Lv1_1_5	fuwen_glow_01	-16.92|14.441|50.83	0|0|0	1|1|1
DN_Lv1_1_5	fuwen_glow_02	-16.236|14.438|51.6	0|0|6.50419	1|1|1
DN_Lv1_1_5	fuwen_glow_02	-5.426|14.44|51.564	0|0|359.8221	1|1|1
DN_Lv1_1_5	S_fire_03	-24.64532|6.31267|-0.01106262	270|0|0	1|1|1
DN_Lv1_1_5	S_fire_03	2.240669|6.31267|-0.1380615	270|0|0	1|1|1
DN_Lv1_1_5	S_fire_03	5.050003|15.374|24.264	270|0|0	1|1|1
DN_Lv1_1_5	S_fire_03	-14.62|6.31|-7.159996	270|0|0	1|1|1
DN_Lv1_1_5	S_fire_03	-27.27615|15.4968|55.9263	270|0|0	1|1|1
DN_Lv1_1_5	S_fire_03	4.813843|15.4468|56.18629	270|0|0	1|1|1
DN_Lv1_1_5	S_fire_03	-6.826157|16.1498|10.9863	270|0|0	1|1|1
DN_Lv1_1_5	S_fire_03	-14.98215|16.1458|10.9613	270|0|0	1|1|1
DN_Lv1_1_5	S_fire_03	-76.75|4.62|-42.73	270|0|0	1|1|1
DN_Lv1_1_5	S_fire_03	-58.063|2.641|-13.591	270|0|0	1|1|1
DN_Lv1_1_5	S_fire_03	-59.25|2.66|-44.92	270|0|0	1|1|1
DN_Lv1_1_5	S_fire_03	-64.06|2.524|-13.59	270|0|0	1|1|1
DN_Lv1_1_5	S_fire_03	-68.539|2.641|-25.666	270|0|0	1|1|1
DN_Lv1_1_5	S_fire_03	-53.05|2.59|-26.1	270|0|0	1|1|1
DN_Lv1_1_5	S_fire_03	-71.346|4.62|-47.73	270|0|0	1|1|1
DN_Lv1_1_5	S_fire_03	-7.129997|6.31|-7.269997	270|0|0	1|1|1
DN_Lv1_1_6	zdcj_1-1glow	182.98|8.7|135.97	40.6676|92.27444|0.4131789	17.3545|6.590588|6.590588
DN_Lv1_1_6	zdcj_1-1glow	47.56|13.94|29.3	23.96089|77.01051|327.8737	10.95963|10.25496|10.25496
DN_Lv1_1_6	zdcj_1-1glow	75.8|15.11|28.22	38.12317|71.60128|323.2917	19.86754|10.25496|10.25496
DN_Lv1_1_6	zdcj_1-1glow	74.19|14.45|28.87	324.856|339.0572|314.1955	19.86755|10.25496|10.25496
DN_Lv1_1_6	zdcj_1-1glow	137.06|29.49|97.24	346.8867|41.37629|327.06	39.63958|20.46062|20.46062
DN_Lv1_1_6	zdcj_1-1glow	135.71|30.43|98.57	334.0629|245.378|40.45338	39.63958|20.46062|20.46062
DN_Lv1_1_6	zdcj_1-1glow	158.63|15.8|98.64	330.178|281.4054|200.6375	11.60751|11.76336|9.860504
DN_Lv1_1_6	S_fire_blue 1	22.917|10.574|29.705	270|0|0	1|1|1
DN_Lv1_1_6	S_fire_blue 1	22.92|13.064|64.219	270|0|0	1|1|1
DN_Lv1_1_6	S_fire_blue 1	30.6|13.06|64.22	270|0|0	1|1|1
DN_Lv1_1_6	S_fire_blue 1	30.6|10.754|106.75	270|0|0	1|1|1
DN_Lv1_1_6	S_fire_blue 1	22.863|10.754|106.75	270|0|0	1|1|1
DN_Lv1_1_6	S_fire_blue 1	24.031|10.75|123.748	270|0|0	1|1|1
DN_Lv1_1_6	S_fire_blue 1	31.771|10.75|123.748	270|0|0	1|1|1
DN_Lv1_1_6	S_fire_blue 1	47.852|8.103|25.92	270|0|0	1|1|1
DN_Lv1_1_6	S_fire_03	61.123|8.171|40.088	270|0|0	1|1|1
DN_Lv1_1_6	S_fire_03	60.915|8.158|19.676	270|0|0	1|1|1
DN_Lv1_1_6	S_fire_03	70.13|8.16|19.68	270|0|0	1|1|1
DN_Lv1_1_6	S_fire_03	70.363|8.16|40.036	270|0|0	1|1|1
DN_Lv1_1_6	S_fire_03	84|8.16|34.022	270|0|0	1|1|1
DN_Lv1_1_6	S_fire_03	84.013|8.16|26.259	270|0|0	1|1|1
DN_Lv1_1_6	S_fire_03	90.384|8.16|24.387	270|0|0	1|1|1
DN_Lv1_1_6	S_fire_03	61.633|10.489|56.8688	270|0|0	1|1|1
DN_Lv1_1_6	S_fire_03	69.38|10.49|56.87	270|0|0	1|1|1
DN_Lv1_1_6	S_fire_03	65.167|13.074|81.936	270|0|0	1|1|1
DN_Lv1_1_6	S_fire_03	51.248|13.07|81.94	270|0|0	1|1|1
DN_Lv1_1_6	S_fire_03	51.3|13.07|74.159	270|0|0	1|1|1
DN_Lv1_1_6	S_fire_03	41.962|13.07|74.16	270|0|0	1|1|1
DN_Lv1_1_6	S_fire_03	41.968|13.07|81.94	270|0|0	1|1|1
DN_Lv1_1_6	S_fire_02	36.736|11.031|81.601	270|0|0	1|1|1
DN_Lv1_1_6	S_fire_02	36.74|11.03|73.381	270|0|0	1|1|1
DN_Lv1_1_6	S_fire_02	30.72|11.03|69.06	270|0|0	1|1|1
DN_Lv1_1_6	S_fire_02	22.53|11.03|69.06	270|0|0	1|1|1
DN_Lv1_1_6	S_fire_02	22.34|11.03|86.83	270|0|0	1|1|1
DN_Lv1_1_6	S_fire_02	30.83|11.03|86.83	270|0|0	1|1|1
DN_Lv1_1_6	S_fire_02	145.746|11|44.086	270|0|0	1|1|1
DN_Lv1_1_6	S_fire_02	155.316|11.351|43.358	270|0|0	1|1|1
DN_Lv1_1_6	S_fire_02	162.795|10.949|30.585	270|0|0	1|1|1
DN_Lv1_1_6	S_fire_02	163.225|11.136|38.246	270|0|0	1|1|1
DN_Lv1_1_6	S_fire_02	133.95|6.245|95.703	270|0|0	1|1|1
DN_Lv1_1_6	S_fire_02	134.06|6.245|103.03	270|0|0	1|1|1
DN_Lv1_1_6	S_fire_02	110.42|6.245|104.05	270|0|0	1|1|1
DN_Lv1_1_6	S_fire_02	110.42|6.245|96.26	270|0|0	1|1|1
DN_Lv1_1_6	S_fire_02	118.7|6.245|87.47	270|0|0	1|1|1
DN_Lv1_1_6	S_fire_02	125.35|6.245|87.47	270|0|0	1|1|1
DN_Lv1_1_7	S_fire_01	150.75|3.941|37.181	270|0|0	1|1|1
DN_Lv1_1_7	S_fire_01	50.491|19.435|63.058	270|0|0	1|1|1
DN_Lv1_1_7	S_fire_01	80.98|19.412|74.743	270|0|0	1|1|1
DN_Lv1_1_7	S_fire_01	33.688|19.358|39.518	270|0|0	1|1|1
DN_Lv1_1_8	S_fire_01	157.868|15.508|55.767	270|0|0	1|1|1
DN_Lv1_1_8	S_fire_01	135.828|15.592|21.898	270|0|0	1|1|1
DN_Lv1_1_8	S_fire_01	84.17|15.85|32.13	270|0|0	1|1|1
DN_Lv1_1_8	S_fire_01	32.961|15.919|23.075	270|0|0	1|1|1
DN_Lv1_1_8	S_fire_01	98.185|17.086|175.369	270|0|0	1|1|1
DN_LV2_2_1	S_fire_02	2.966522|7.160561|-29.28302	270|0|0	1|1|1
DN_LV2_2_1	S_fire_02	23.564|8.497|-24.185	270|0|0	1|1|1
DN_LV2_2_1	S_fire_02	7.363144|7.160562|-18.0389	270|0|0	1|1|1
DN_LV2_2_1	S_fire_01	29.85886|6.56286|3.887039	270|0|0	1|1|1
DN_LV2_2_1	S_fire_01	5.654884|6.267246|-22.69339	270|0|0	1|1|1
DN_LV2_2_2	S_fire_03	186.716|3.56|70.876	270|356.318|0	1|1|1
DN_LV2_2_2	S_fire_03	165.61|3.57|66.23	270|269.4754|0	1|1|1
DN_LV2_2_2	S_fire_03	193.849|3.57|61.431	270|43.1152|0	1|1|1
DN_LV2_2_2	S_fire_03	191.754|3.57|49.402	270|88.64416|0	1|1|1
DN_LV2_2_2	S_fire_03	163.52|3.57|54.88	270|229.8903|0	1|1|1
DN_LV2_2_3	S_fire_03	26.63398|0.8544164|6.058104	298.8786|198.5908|96.29173	1.378284|1.378284|1.378284
DN_LV2_2_3	S_fire_03	2.729288|2.325522|20.09677	270|0|0	1|1|1
DN_LV2_2_3	S_fire_03	-3.952944|2.06225|16.45397	270|0|0	1|1|1
DN_LV2_2_3	S_fire_03	26.5153|0.862596|-2.974298	289.9323|14.98267|90	1.433716|1.433716|1.433716
DN_LV2_2_4	S_fire_03	48.83263|29.50072|20.49986	270|0|0	1|1|1
DN_LV2_2_4	S_fire_03	60.69504|29.15578|7.988159	270|0|0	1|1|1
DN_LV2_2_4	S_fire_03	67.81198|29.44201|14.09043	270|0|0	1|1|1
DN_LV2_2_4	S_fire_03	75.1232|29.62476|19.77403	270|0|0	1|1|1
DN_LV2_2_4	S_fire_03	71.99|29.912|30.426	270|0|0	1|1|1
DN_LV2_2_4	S_fire_03	63.36885|29.78597|35.82756	270|0|0	1|1|1
DN_LV2_2_4	S_fire_03	52.39088|29.634|29.68264	270|0|0	1|1|1
DN_LV2_2_4	S_fire_03	93.58607|29.27037|27.36136	270|0|0	1|1|1
DN_LV2_2_4	S_fire_03	110.0705|23.56919|79.09135	270|0|0	1|1|1
DN_LV2_2_4	S_fire_03	102.7463|23.56763|83.73979	270|0|0	1|1|1
DN_LV2_2_4	S_fire_03	-19.39067|38.48568|74.53375	270|0|0	1|1|1
DN_LV2_2_4	S_fire_03	23.501|33.131|78.517	274.9406|270|90.00002	1|1|1
DN_LV2_2_4	S_fire_03	23.54356|25.84179|34.61868	270|0|0	1|1|1
DN_LV2_2_4	S_fire_03	14.59636|25.94503|39.57228	270|0|0	1|1|1
DN_LV2_2_4	S_fire_03	0.4138298|21.56514|15.08603	270|0|0	1|1|1
DN_LV2_2_4	S_fire_03	-9.300274|22.47091|-43.90551	270|0|0	1|1|1
DN_LV2_2_4	S_fire_03	-15.08895|22.57814|-41.77332	270|0|0	1|1|1
DN_LV2_2_4	S_fire_03	29.00812|28.68198|-15.28427	270|0|0	1|1|1
DN_LV2_2_4	S_fire_03	25.0897|28.40837|-11.37847	270|0|0	1|1|1
DN_LV2_2_4	S_fire_03	25.81028|28.83422|-2.882744	270|0|0	1|1|1
DN_LV2_2_4	S_fire_03	41.09731|28.65335|-11.43033	270|0|0	1|1|1
DN_LV2_2_4	S_fire_03	50.84787|28.59417|-7.493347	270|0|0	1|1|1
DN_LV2_2_4	S_fire_03	33.78401|28.59601|4.833824	270|0|0	1|1|1
DN_LV2_2_4	S_fire_03	17.342|26.5|-21.898	270|0|0	1|1|1
DN_LV2_2_4	S_fire_03	53.22189|28.90062|8.403305	270|0|0	1|1|1
DN_LV2_2_4	S_fire_03	48.20189|29.11962|11.4793	270|0|0	1|1|1
DN_LV2_2_5	S_fire_03	48.83263|29.50072|20.49986	270|0|0	1|1|1
DN_LV2_2_5	S_fire_03	60.69504|29.15578|7.988159	270|0|0	1|1|1
DN_LV2_2_5	S_fire_03	67.81198|29.44201|14.09043	270|0|0	1|1|1
DN_LV2_2_5	S_fire_03	75.1232|29.62476|19.77403	270|0|0	1|1|1
DN_LV2_2_5	S_fire_03	71.99|29.912|30.426	270|0|0	1|1|1
DN_LV2_2_5	S_fire_03	63.36885|29.78597|35.82756	270|0|0	1|1|1
DN_LV2_2_5	S_fire_03	52.39088|29.634|29.68264	270|0|0	1|1|1
DN_LV2_2_5	S_fire_03	93.58607|29.27037|27.36136	270|0|0	1|1|1
DN_LV2_2_5	S_fire_03	110.0705|23.56919|79.09135	270|0|0	1|1|1
DN_LV2_2_5	S_fire_03	102.7463|23.56763|83.73979	270|0|0	1|1|1
DN_LV2_2_5	S_fire_03	-19.39067|38.48568|74.53375	270|0|0	1|1|1
DN_LV2_2_5	S_fire_03	23.501|33.131|78.517	274.9406|270|90.00002	1|1|1
DN_LV2_2_5	S_fire_03	23.54356|25.84179|34.61868	270|0|0	1|1|1
DN_LV2_2_5	S_fire_03	14.59636|25.94503|39.57228	270|0|0	1|1|1
DN_LV2_2_5	S_fire_03	0.4138298|21.56514|15.08603	270|0|0	1|1|1
DN_LV2_2_5	S_fire_03	-9.300274|22.47091|-43.90551	270|0|0	1|1|1
DN_LV2_2_5	S_fire_03	-15.08895|22.57814|-41.77332	270|0|0	1|1|1
DN_LV2_2_5	S_fire_03	29.00812|28.68198|-15.28427	270|0|0	1|1|1
DN_LV2_2_5	S_fire_03	25.0897|28.40837|-11.37847	270|0|0	1|1|1
DN_LV2_2_5	S_fire_03	25.81028|28.83422|-2.882744	270|0|0	1|1|1
DN_LV2_2_5	S_fire_03	41.09731|28.65335|-11.43033	270|0|0	1|1|1
DN_LV2_2_5	S_fire_03	50.84787|28.59417|-7.493347	270|0|0	1|1|1
DN_LV2_2_5	S_fire_03	33.78401|28.59601|4.833824	270|0|0	1|1|1
DN_LV2_2_5	S_fire_03	17.342|26.5|-21.898	270|0|0	1|1|1
DN_LV2_2_5	S_fire_03	53.22189|28.90062|8.403305	270|0|0	1|1|1
DN_LV2_2_5	S_fire_03	48.20189|29.11962|11.4793	270|0|0	1|1|1
DN_LV2_2_6	S_fire_03	-47.15391|-0.6235828|38.04147	270|0|0	1|1|1
DN_LV2_2_6	S_fire_03	-39.76686|-0.6235828|38.05692	270|0|0	1|1|1
DN_LV2_2_6	S_fire_03	-61.3368|-5.49511|12.68333	270|0|0	1|1|1
DN_LV2_2_6	S_fire_03	-25.72694|-5.774|14.56573	270|0|0	1|1|1
DN_LV2_2_6	S_fire_03	-39.02655|-6.13232|-10.54546	270|0|0	1|1|1
DN_LV2_2_6	S_fire_03	-47.45412|-6.09914|-10.58508	270|0|0	1|1|1
DN_LV2_2_6	S_fire_03	-52.05|-7.07|-34.86	270|0|0	1|1|1
DN_LV2_2_6	S_fire_03	-33.507|-7.09|-35.957	270|0|0	1|1|1
DN_LV2_2_6	S_fire_03	-38.53|-7.09|-47.3	270|0|0	1|1|1
DN_LV2_2_6	S_fire_03	-39.58|-7.09|-28.23	270|0|0	1|1|1
DN_LV2_2_6	S_fire_03	-45.47|-7.09|-48.24	270|0|0	1|1|1
DN_LV2_2_6	S_fire_03	-33.397|-7.09|-40.944	270|0|0	1|1|1
DN_LV2_2_6	S_fire_03	-86.29|-16.371|12.956	270|0|0	1|1|1
DN_LV2_2_6	S_fire_03	-99.23|-16.648|22.685	270|0|0	1|1|1
DN_LV2_2_6	S_fire_03	-88.06|-16.468|42.5	270|0|0	1|1|1
DN_LV2_2_6	S_fire_03	-82.979|-16.602|35.471	270|0|0	1|1|1
DN_LV2_2_6	S_fire_03	-78.57191|-14.79828|46.99053	270|0|0	1|1|1
DN_LV2_2_6	S_fire_03	-70.03679|-13.28948|68.96986	270|0|0	1|1|1
DN_LV2_2_6	S_fire_03	-42.93256|-11.75919|66.93926	270|0|0	1|1|1
DN_LV2_2_6	S_fire_03	-48.9556|-11.40528|79.89147	270|0|0	1|1|1
DN_LV2_2_6	S_fire_03	-27.16377|-11.00972|63.16796	270|0|0	1|1|1
DN_LV2_2_6	S_fire_03	-18.28192|-10.91081|68.51046	270|0|0	1|1|1
DN_LV2_2_6	S_fire_03	-15.22974|-10.92526|80.92605	270|0|0	1|1|1
DN_LV2_2_6	S_fire_03	-27.13919|-11.20467|90.07336	270|0|0	1|1|1
DN_LV2_2_6	S_fire_03	-39.88205|-5.817812|31.22488	270|0|0	1|1|1
DN_LV2_2_6	S_fire_03	-47.44019|-5.817812|31.24008	270|0|0	1|1|1
DN_LV2_2_8	S_fire_03	22.45|0.14|14.04	270|0|0	1|1|1
DN_LV2_2_8	S_fire_02	37.04216|-0.9979858|-61.11425	270|0|0	1|1|1
DN_LV2_2_8	S_fire_03	-18.54939|7.107241|32.90321	270|0|0	1|1|1
DN_LV2_2_8	S_fire_03	39.23199|-0.2330141|-45.75567	270|351.6625|0	1|1|1
DN_LV2_2_8	S_fire_03	45.09019|-0.2464142|-44.46065	270|351.6625|0	1|1|1
DN_LV2_2_8	S_fire_02	-31.80864|6.577673|12.11691	270|0|0	1|1|1
DN_LV2_2_8	S_fire_03	35.55374|1.165845|-10.69412	270|0|0	1|1|1
DN_LV2_2_8	S_fire_03	40.50587|1.023336|-86.31056	270|0|0	1|1|1
DN_LV2_2_8	S_fire_03	1.298119|0.3750553|-0.08782196	270|0|0	1|1|1
DN_LV2_2_8	S_fire_03	-35.4752|7.146662|20.46478	270|0|0	1|1|1
DN_LV2_2_8	S_fire_03	44.219|1.023|-86.4	270|0|0	1|1|1
DN_Lv3_3_1	S_fire_03	60.3792|4.794003|104.9913	270|0|0	1|1|1
DN_Lv3_3_1	S_fire_03	157.6708|21.57073|147.9956	270|0|0	1|1|1
DN_Lv3_3_1	S_fire_01	124.002|22.22853|94.28764	270|0|0	1|1|1
DN_Lv3_3_1	S_fire_01	153.4657|20.4525|113.8248	270|0|0	1|1|1
DN_Lv3_3_1	S_fire_01	70.52417|5.478631|144.2999	270|0|0	1|1|1
DN_Lv3_3_1	S_fire_01	77.76261|5.217649|132.6196	270|0|0	1|1|1
DN_Lv3_3_1	S_fire_01	57.42251|1.030944|76.16989	280.6971|90.00004|270	1|1|1
DN_Lv3_3_1	S_fire_03	125.1209|15.77907|149.229	270|0|0	1|1|1
DN_Lv3_3_1	S_fire_03	112.1276|11.16085|117.6954	270|0|0	1|1|1
DN_Lv3_3_1	S_fire_03	69.26103|6.348007|143.8813	270|0|0	1|1|1
DN_Lv3_3_1	S_fire_01	169.06|4.16|94.65	270|0|0	1|1|1
DN_Lv3_3_1	S_fire_01	176.15|4.25|83.56	270|0|0	1|1|1
DN_Lv3_3_1	S_fire_01	160.604|4.57|53.404	270|0|0	1|1|1
DN_Lv3_3_2	S_fire_03	60.3792|4.794003|104.9913	270|0|0	1|1|1
DN_Lv3_3_2	S_fire_03	157.6708|21.57073|147.9956	270|0|0	1|1|1
DN_Lv3_3_2	S_fire_01	124.002|22.22853|94.28764	270|0|0	1|1|1
DN_Lv3_3_2	S_fire_01	153.4657|20.4525|113.8248	270|0|0	1|1|1
DN_Lv3_3_2	S_fire_01	70.52417|5.478631|144.2999	270|0|0	1|1|1
DN_Lv3_3_2	S_fire_01	77.76261|5.217649|132.6196	270|0|0	1|1|1
DN_Lv3_3_2	S_fire_01	57.42251|1.030944|76.16989	280.6971|90.00004|270	1|1|1
DN_Lv3_3_2	S_fire_03	125.1209|15.77907|149.229	270|0|0	1|1|1
DN_Lv3_3_2	S_fire_03	112.1276|11.16085|117.6954	270|0|0	1|1|1
DN_Lv3_3_2	S_fire_03	69.26103|6.348007|143.8813	270|0|0	1|1|1
DN_Lv3_3_2	S_fire_01	169.06|4.16|94.65	270|0|0	1|1|1
DN_Lv3_3_2	S_fire_01	176.15|4.25|83.56	270|0|0	1|1|1
DN_Lv3_3_2	S_fire_01	160.604|4.57|53.404	270|0|0	1|1|1
DN_Lv4_4_1	S_fire_01	34.696|13.93|102.839	270|0|0	1|1|1
DN_Lv4_4_1	S_fire_01	34.201|13.93|113.175	270|0|0	1|1|1
DN_Lv4_4_1	S_fire_01	41.796|13.93|113.647	270|0|0	1|1|1
DN_Lv4_4_1	S_fire_01	42.093|13.93|108.5	270|0|0	1|1|1
DN_Lv4_4_1	S_fire_01	42.414|13.93|103.39	270|0|0	1|1|1
DN_Lv4_4_1	S_fire_01	42.771|13.93|98.315	270|0|0	1|1|1
DN_Lv4_4_1	S_fire_01	35.256|13.931|97.806	270|0|0	1|1|1
DN_Lv4_4_1	S_fire_blue 1	114.59|13.98|103.57	270|0|0	1|1|1
DN_Lv4_4_1	S_fire_blue 1	107.23|13.98|103.34	270|0|0	1|1|1
DN_Lv4_4_1	S_fire_blue 1	107.23|13.98|97.84	270|0|0	1|1|1
DN_Lv4_4_1	S_fire_blue 1	114.59|13.98|98.07	270|0|0	1|1|1
DN_Lv4_4_1	S_fire_blue 1	114.59|13.98|92.83	270|0|0	1|1|1
DN_Lv4_4_1	S_fire_blue 1	107.23|13.98|92.6	270|0|0	1|1|1
DN_Lv4_4_1	S_fire_blue 1	107.23|13.98|86.96	270|0|0	1|1|1
DN_Lv4_4_1	S_fire_blue 1	114.59|13.98|87.19	270|0|0	1|1|1
DN_Lv4_4_1	S_fire_blue 1	186.68|13.99|172.32	270|0|0	1|1|1
DN_Lv4_4_1	S_fire_blue 1	179.38|13.99|172.12	270|0|0	1|1|1
DN_Lv4_4_1	S_fire_blue 1	179.38|13.99|166.88	270|0|0	1|1|1
DN_Lv4_4_1	S_fire_blue 1	186.68|13.99|167.08	270|0|0	1|1|1
DN_Lv4_4_1	S_fire_blue 1	186.98|13.84|161.338	270|0|0	1|1|1
DN_Lv4_4_1	S_fire_blue 1	179.365|13.99|160.468	270|0|0	1|1|1
DN_Lv4_4_1	S_fire_blue 1	186.63|13.919|156.84	270|0|0	1|1|1
DN_Lv4_4_1	S_fire_blue 1	183.78|13.99|153.51	270|0|0	1|1|1
DN_Lv4_4_1	S_fire_blue 1	173.03|13.99|153.52	270|90.67262|0	1|1|1
DN_Lv4_4_1	S_fire_blue 1	172.91|13.99|160.82	270|90.67262|0	1|1|1
DN_Lv4_4_1	S_fire_blue 1	167.74|13.99|160.88	270|90.67255|0	1|1|1
DN_Lv4_4_1	S_fire_blue 1	167.86|13.99|153.58	270|90.67255|0	1|1|1
DN_Lv4_4_1	S_fire_blue 1	178.69|13.99|153.45	270|90.67255|0	1|1|1
DN_Lv4_4_1	S_fire_blue 1	186.68|13.99|177.663	270|0|0	1|1|1
DN_Lv4_4_1	S_fire_blue 1	186.783|13.99|182.643	270|0|0	1|1|1
DN_Lv4_4_1	S_fire_blue 1	183.43|13.99|185.647	270|0|0	1|1|1
DN_Lv4_4_1	S_fire_blue 1	179.848|13.952|178.278	270|0|0	1|1|1
DN_Lv4_4_1	S_fire_blue 1	167.969|11.124|123.805	270|0|0	1|1|1
DN_Lv4_4_1	S_fire_blue 1	174.9|11.124|123.819	270|0|0	1|1|1
DN_Lv4_4_1	S_fire_blue 1	175.2|8.93|97.55	270|0|0	1|1|1
DN_Lv4_4_1	S_fire_blue 1	167.333|8.93|97.54	270|0|0	1|1|1
DN_Lv4_4_1	S_fire_blue 1	175.94|15.45|51.492	270|0|0	1|1|1
DN_Lv4_4_1	S_fire_blue 1	166.84|15.45|51.43	270|0|0	1|1|1
DN_Lv4_4_1	S_fire_blue 1	170.0193|11.9299|186.5703	270|269.4269|0	1|1|1
DN_Lv4_4_1	S_fire_blue 1	170.0993|11.9299|177.9203	270|269.4269|0	1|1|1
DN_Lv4_4_1	S_fire_blue 1	165.01|12.07|29.29	270|0|0	1|1|1
DN_Lv4_4_1	S_fire_blue 1	165.01|12.07|36.9	270|0|0	1|1|1
DN_Lv4_4_1	S_fire_blue 1	101.62|12.07|36.9	270|0|0	1|1|1
DN_Lv4_4_1	S_fire_blue 1	101.62|12.07|29.29	270|0|0	1|1|1
DN_Lv4_4_1	S_fire_blue 1	115.036|10.035|23.335	270|0|0	1|1|1
DN_Lv4_4_1	S_fire_blue 1	122.148|10.03|14.912	270|0|0	1|1|1
DN_Lv4_4_1	S_fire_blue 1	123.85|10.03|51.76	270|0|0	1|1|1
DN_Lv4_4_1	S_fire_blue 1	129.39|10.03|43.84	270|0|0	1|1|1
DN_Lv4_4_1	S_fire_blue 1	129.56|10.03|35.18	270|0|0	1|1|1
DN_Lv4_4_1	S_fire_blue 1	129.544|10.03|29.327	270|0|0	1|1|1
DN_Lv4_4_1	S_fire_blue 1	129.13|10.03|20.55	270|0|0	1|1|1
DN_Lv4_4_1	S_fire_blue 1	126.88|10.03|13.27	270|0|0	1|1|1
DN_Lv4_4_1	S_fire_blue 1	136.05|10.03|13.17	270|0|0	1|1|1
DN_Lv4_4_1	S_fire_blue 1	134.61|10.03|29.31	270|0|0	1|1|1
DN_Lv4_4_1	S_fire_blue 1	134.61|10.03|35.19	270|0|0	1|1|1
DN_Lv4_4_1	S_fire_blue 1	141.22|13.44|55.48	270|0|0	1|1|1
DN_Lv4_4_1	S_fire_blue 1	148.91|13.44|50.52	270|0|0	1|1|1
DN_Lv4_4_1	S_fire_blue 1	153.33|13.44|45.42	270|0|0	1|1|1
DN_Lv4_4_1	S_fire_blue 1	156.86|13.44|36.68	270|0|0	1|1|1
DN_Lv4_4_1	S_fire_blue 1	156.98|13.44|29.94	270|0|0	1|1|1
DN_Lv4_4_1	S_fire_blue 1	153.76|13.44|21	270|0|0	1|1|1
DN_Lv4_4_1	S_fire_blue 1	149.41|13.44|15.8	270|0|0	1|1|1
DN_Lv4_4_1	S_fire_blue 1	141.21|13.44|11.3	270|0|0	1|1|1
DN_Lv4_4_1	S_fire_blue 1	134.6|13.44|10	270|0|0	1|1|1
DN_Lv4_4_1	S_fire_blue 1	134.52|13.44|56.58	270|0|0	1|1|1
DN_Lv4_4_5	S_fire_blue 1	169.328|3.816|43.113	270|0|0	1|1|1
DN_Lv4_4_5	S_fire_blue 1	161.42|3.82|43.11	270|0|0	1|1|1
DN_Lv4_4_5	S_fire_blue 1	160.6|4.258|38.47	270|0|0	1|1|1
DN_Lv4_4_5	S_fire_blue 1	170.16|4.26|38.47	270|0|0	1|1|1
DN_Lv4_4_5	S_fire_blue 1	170.16|4.26|28.88	270|0|0	1|1|1
DN_Lv4_4_5	S_fire_blue 1	160.48|4.26|28.88	270|0|0	1|1|1
DN_Lv4_4_5	S_fire_blue 1	161.63|6.169|15.38	270|0|0	1|1|1
DN_Lv4_4_5	S_fire_blue 1	169.11|6.17|15.38	270|0|0	1|1|1
DN_Lv4_4_5	S_fire_blue 1	169.11|4.75|50.19	270|0|0	1|1|1
DN_Lv4_4_5	S_fire_blue 1	161.63|4.75|50.19	270|0|0	1|1|1
DN_Lv4_4_5	S_fire_blue 1	161.63|4.22|60.57	270|0|0	1|1|1
DN_Lv4_4_5	S_fire_blue 1	169.11|4.22|60.57	270|0|0	1|1|1
DN_Lv4_4_5	S_fire_blue 1	169.11|4.22|70.86	270|0|0	1|1|1
DN_Lv4_4_5	S_fire_blue 1	161.63|4.22|70.86	270|0|0	1|1|1
DN_Lv4_4_5	S_fire_blue 1	129.2|5.161|26.23	270|0|0	1|1|1
DN_Lv4_4_5	S_fire_blue 1	136.7|5.161|26.23	270|0|0	1|1|1
DN_Lv4_4_5	S_fire_blue 1	136.7|5.16|36.6	270|0|0	1|1|1
DN_Lv4_4_5	S_fire_blue 1	129.2|5.16|36.6	270|0|0	1|1|1
DN_Lv4_4_5	S_fire_blue 1	129.2|5.16|46.84	270|0|0	1|1|1
DN_Lv4_4_5	S_fire_blue 1	136.7|5.16|46.84	270|0|0	1|1|1
DN_Lv4_4_5	S_fire_blue 1	162.77|3.74|105.87	270|0|0	1|1|1
DN_Lv4_4_5	S_fire_blue 1	167.84|3.74|105.87	270|0|0	1|1|1
DN_Lv4_4_5	S_fire_blue 1	158.84|4.58|185.356	270|0|0	1|1|1
DN_Lv4_4_5	S_fire_blue 1	164.052|4.58|185.356	270|0|0	1|1|1
DN_Lv4_4_5	S_fire_blue 1	175.424|4.58|179.531	270|0|0	1|1|1
DN_Lv4_4_5	S_fire_blue 1	180.182|4.58|167.568	270|0|0	1|1|1
DN_Lv4_4_5	S_fire_blue 1	165.132|4.58|148.615	270|0|0	1|1|1
DN_Lv4_4_5	S_fire_blue 1	157.893|4.58|148.728	270|0|0	1|1|1
DN_Lv4_4_5	S_fire_blue 1	142.866|4.58|167.564	270|0|0	1|1|1
DN_Lv4_4_5	S_fire_blue 1	147.676|4.58|179.208	270|0|0	1|1|1
DN_Lv4_4_5	S_fire_blue 1	159|1.71|154.01	270|0|0	1|1|1
DN_Lv4_4_5	S_fire_blue 1	163.8|1.71|154.01	270|0|0	1|1|1
DN_Lv4_4_5	S_fire_blue 1	27.706|5.778|85.093	270|0|0	1|1|1
DN_Lv4_4_5	S_fire_blue 1	31.607|5.778|85.093	270|0|0	1|1|1
DN_Lv4_4_5	S_fire_01	153.56|2.41|176.64	270|0|0	1|1|1
DN_Lv4_4_5	S_fire_01	153.58|2.41|179.99	270|0|0	1|1|1
DN_Lv4_4_5	S_fire_01	150.241|2.41|176.678	270|0|0	1|1|1
DN_Lv4_4_5	S_fire_01	169.16|2.41|179.99	270|0|0	1|1|1
DN_Lv4_4_5	S_fire_01	169.14|2.41|176.64	270|0|0	1|1|1
DN_Lv4_4_5	S_fire_01	172.49|2.41|176.64	270|0|0	1|1|1
DN_Lv4_4_5	S_fire_01	169.17|2.41|153.7	270|0|0	1|1|1
DN_Lv4_4_5	S_fire_01	169.13|2.41|157.05	270|0|0	1|1|1
DN_Lv4_4_5	S_fire_01	172.52|2.41|157.05	270|0|0	1|1|1
DN_Lv4_4_5	S_fire_01	153.78|2.41|156.75	270|0|0	1|1|1
DN_Lv4_4_5	S_fire_01	153.82|2.41|153.4	270|0|0	1|1|1
DN_Lv4_4_5	S_fire_01	150.46|2.41|156.72	270|0|0	1|1|1
DN_Lv4_4_9	S_fire_02	132.352|1.813|112.487	270|0|0	1|1|1
DN_Lv4_4_9	S_fire_02	139.146|1.813|112.487	270|0|0	1|1|1
DN_Lv4_4_9	S_fire_02	144.24|1.81|107.069	270|0|0	1|1|1
DN_Lv4_4_9	S_fire_02	144.519|1.835|99.883	270|0|0	1|1|1
DN_Lv4_4_9	S_fire_02	138.854|1.83|94.172	270|0|0	1|1|1
DN_Lv4_4_9	S_fire_02	132.047|1.83|94.267	270|0|0	1|1|1
DN_Lv4_4_9	S_fire_02	126.506|1.83|99.899	270|0|0	1|1|1
DN_Lv4_4_9	S_fire_02	126.51|1.843|106.287	270|0|0	1|1|1
DN_Lv4_4_9	S_fire_blue 1	182.742|3.516|111.41	270|0|0	1|1|1
DN_Lv4_4_9	S_fire_blue 1	178.626|3.516|111.41	270|0|0	1|1|1
DN_Lv4_4_9	S_fire_blue 1	178.003|3.517|83.825	270|0|0	1|1|1
DN_Lv4_4_9	S_fire_blue 1	183.479|3.517|83.795	270|0|0	1|1|1
DN_Lv4_4_9	S_fire_blue 1	192.586|1.673|95.949	270|0|0	1|1|1
DN_Lv4_4_9	S_fire_blue 1	192.586|1.673|98.724	270|0|0	1|1|1
DN_Lv4_4_9	S_fire_blue 1	168.62|1.67|98.72	270|0|0	1|1|1
DN_Lv4_4_9	S_fire_blue 1	168.62|1.67|95.95	270|0|0	1|1|1
DN_Lv4_4_9	S_fire_blue 1	176.344|0.818|150.223	270|0|0	1|1|1
DN_Lv4_4_9	S_fire_blue 1	154.857|0.841|151.916	270|0|0	1|1|1
DN_Lv4_4_9	S_fire_blue 1	156.008|0.826|168.902	270|0|0	1|1|1
DN_Lv4_4_9	S_fire_blue 1	176.074|0.81|168.533	270|0|0	1|1|1
DN_Lv5_5_3	S_fire_02	3.489998|0|-8.450005	270|0|0	1|1|1
DN_Lv5_5_3	S_fire_01	-2.310001|0.2700005|48.77	270|0|0	1|1|1
DN_Lv5_5_3	S_fire_03	-11.51|0.3299999|45.28	270|0|0	1|1|1
DN_Lv5_5_3	S_fire_02	34.18|-5.74|-19.87	270|0|0	1|1|1
DN_Lv5_5_3	S_fire_02	22.69|-5.74|-40.54	270|0|0	1|1|1
DN_Lv5_5_3	S_fire_01	-11.468|0.2700005|45.009	270|0|0	1|1|1
DN_Lv5_5_3	S_fire_02	0.125|0|0.036	270|0|0	1|1|1
DN_Lv5_5_3	S_fire_01	24.253|-0.09599972|-0.2919998	270|0|0	1|1|1
DN_Lv5_5_3	S_fire_01	21.046|-0.1|8.336	270|0|0	1|1|1
DN_Lv5_5_3	S_fire_01	0.989|-1.27|20.045	325.788|12.39774|243.8057	1|1|1
DN_Lv5_5_3	S_fire_02	38.802|-5.813|-32.772	270|0|0	1|1|1
DN_Lv5_5_3	S_fire_01	6.099|-0.822|22.129	0|0|0	1|1|1
DN_Lv5_5_3	S_fire_01	125.629|-5.529|41.919	270|0|0	1|1|1
DN_Lv5_5_3	S_fire_01	130.509|-5.53|28.713	270|0|0	1|1|1
DN_Lv5_5_3	S_fire_01	124.812|-5.53|16.609	270|0|0	1|1|1
DN_Lv5_5_3	S_fire_01	112.061|-5.53|11.468	270|0|0	1|1|1
DN_Lv5_5_3	S_fire_01	99.293|-5.53|17.119	270|0|0	1|1|1
DN_Lv5_5_3	S_fire_01	94.369|-5.53|29.892	270|0|0	1|1|1
DN_Lv5_5_3	S_fire_01	100.278|-5.53|42.731	270|0|0	1|1|1
DN_Lv5_5_3	S_fire_01	112.854|-5.53|47.727	270|0|0	1|1|1
DN_Lv5_5_3	S_fire_01	125.629|-5.529|41.919	270|0|0	1|1|1
DN_Lv5_5_9	S_fire_02	7.76|0.82|34.01	270|0|0	1|1|1
DN_Lv5_5_9	S_fire_02	3.08|0.71|34.1	270|0|0	1|1|1
DN_Lv6_6_1	S_fire_blue 1	27.511|4.824|74.722	270|0|0	1|1|1
DN_Lv6_6_1	S_fire_blue 1	27.511|4.824|80.737	270|0|0	1|1|1
DN_Lv6_6_1	S_fire_01	161.642|6.679|19.119	270|0|0	1|1|1
DN_Lv6_6_1	S_fire_01	165.386|6.679|19.119	270|0|0	1|1|1
DN_Lv6_6_1	S_fire_blue 1	33.559|4.824|80.737	270|0|0	1|1|1
DN_Lv6_6_1	S_fire_blue 1	33.559|4.824|74.722	270|0|0	1|1|1
DN_Lv6_6_1	S_fire_01	75.972|3.387|97.299	270|0|0	1|1|1
DN_Lv6_6_1	S_fire_01	72.994|3.387|100.486	270|0|0	1|1|1
DN_Lv6_6_1	S_fire_01	88.13|3.39|100.49	270|0|0	1|1|1
DN_Lv6_6_1	S_fire_01	84.71|3.39|97.3	270|0|0	1|1|1
DN_Lv6_6_1	S_fire_01	84.71|3.39|112.52	270|0|0	1|1|1
DN_Lv6_6_1	S_fire_01	75.97|3.39|112.52	270|0|0	1|1|1
DN_Lv6_6_1	S_fire_01	88.13|3.39|109.16	270|0|0	1|1|1
DN_Lv6_6_1	S_fire_01	72.99|3.39|109.16	270|0|0	1|1|1
DN_Lv6_6_1	S_fire_blue 1	27.11|10.44|147.98	270|0|0	1|1|1
DN_Lv6_6_1	S_fire_blue 1	34.03|10.44|147.98	270|0|0	1|1|1
DN_Lv6_6_1	S_fire_blue 1	36.72|6.65|50.71	270|0|0	1|1|1
DN_Lv6_6_1	S_fire_blue 1	39.32|6.65|48.14	270|0|0	1|1|1
DN_Lv6_6_1	S_fire_blue 1	39.32|6.65|28.44	270|0|0	1|1|1
DN_Lv6_6_1	S_fire_blue 1	36.71|6.65|25.81	270|0|0	1|1|1
DN_Lv6_6_1	S_fire_blue 1	27.29|6.65|26.05	270|0|0	1|1|1
DN_Lv6_6_1	S_fire_blue 1	24.25|6.65|26.05	270|0|0	1|1|1
DN_Lv6_6_1	S_fire_blue 1	21.64|6.65|28.57	270|0|0	1|1|1
DN_Lv6_6_1	S_fire_blue 1	33.66|6.65|25.82	270|0|0	1|1|1
DN_Lv6_6_1	S_fire_blue 1	33.9|6.65|50.71	270|0|0	1|1|1
DN_Lv6_6_1	S_fire_blue 1	27.21|6.65|50.92	270|0|0	1|1|1
DN_Lv6_6_1	S_fire_blue 1	24.23|6.65|50.92	270|0|0	1|1|1
DN_Lv6_6_1	S_fire_blue 1	21.63|6.65|48.28	270|0|0	1|1|1
DN_Lv6_6_1	S_fire_blue 1	26.303|6.644|97.598	270|0|0	1|1|1
DN_Lv6_6_1	S_fire_blue 1	22.978|6.644|100.893	270|0|0	1|1|1
DN_Lv6_6_1	S_fire_blue 1	22.957|6.64|109.385	270|0|0	1|1|1
DN_Lv6_6_1	S_fire_blue 1	26.291|6.64|112.7	270|0|0	1|1|1
DN_Lv6_6_1	S_fire_blue 1	34.759|6.64|112.704	270|0|0	1|1|1
DN_Lv6_6_1	S_fire_blue 1	38.084|6.64|109.38	270|0|0	1|1|1
DN_Lv6_6_1	S_fire_blue 1	38.088|6.64|100.906	270|0|0	1|1|1
DN_Lv6_6_1	S_fire_blue 1	34.759|6.64|97.581	270|0|0	1|1|1
DN_Lv6_6_1	S_fire_01	59.073|4.214|107.892	270|0|0	1|1|1
DN_Lv6_6_1	S_fire_01	47.97|4.21|107.89	270|0|0	1|1|1
DN_Lv6_6_1	S_fire_01	47.97|4.21|101.73	270|0|0	1|1|1
DN_Lv6_6_1	S_fire_01	53.63|4.21|107.89	270|0|0	1|1|1
DN_Lv6_6_1	S_fire_01	53.63|4.21|101.73	270|0|0	1|1|1
DN_Lv6_6_1	S_fire_01	59.07|4.21|101.731	270|0|0	1|1|1
DN_Lv6_6_1	S_fire_01	38.609|10.32|162.637	270|0|0	1|1|1
DN_Lv6_6_1	S_fire_01	38.609|10.32|158.977	270|0|0	1|1|1
DN_Lv6_6_1	S_fire_01	42.321|10.32|158.98	270|0|0	1|1|1
DN_Lv6_6_1	S_fire_01	22.39|10.32|158.98	270|0|0	1|1|1
DN_Lv6_6_1	S_fire_01	22.39|10.32|162.64	270|0|0	1|1|1
DN_Lv6_6_1	S_fire_01	42.321|10.32|162.64	270|0|0	1|1|1
DN_Lv6_6_1	S_fire_01	18.68|10.32|158.98	270|0|0	1|1|1
DN_Lv6_6_1	S_fire_01	18.64|10.32|182.59	270|0|0	1|1|1
DN_Lv6_6_1	S_fire_01	18.64|10.32|178.93	270|0|0	1|1|1
DN_Lv6_6_1	S_fire_01	18.68|10.32|162.64	270|0|0	1|1|1
DN_Lv6_6_1	S_fire_01	22.35|10.32|178.93	270|0|0	1|1|1
DN_Lv6_6_1	S_fire_blue 1	108.63|7.11|38.79	270|0|0	1|1|1
DN_Lv6_6_1	S_fire_blue 1	83.83|7.11|39.14	270|0|0	1|1|1
DN_Lv6_6_1	S_fire_01	22.35|10.32|182.59	270|0|0	1|1|1
DN_Lv6_6_1	S_fire_01	42.32|10.32|178.93	270|0|0	1|1|1
DN_Lv6_6_1	S_fire_blue 1	108.63|7.11|33.37	270|0|0	1|1|1
DN_Lv6_6_1	S_fire_01	42.32|10.32|182.59	270|0|0	1|1|1
DN_Lv6_6_1	S_fire_01	38.61|10.32|178.93	270|0|0	1|1|1
DN_Lv6_6_1	S_fire_blue 1	92.28|7.11|16.82	270|0|0	1|1|1
DN_Lv6_6_1	S_fire_01	38.61|10.32|182.59	270|0|0	1|1|1
DN_Lv6_6_1	S_fire_blue 1	84.13|7.11|33.26	270|0|0	1|1|1
DN_Lv6_6_1	S_fire_blue 1	90.03|6.72|26.91	270|0|0	1|1|1
DN_Lv6_6_1	S_fire_blue 1	100.42|6.72|24.95	270|0|0	1|1|1
DN_Lv6_6_1	S_fire_blue 1	81.322|6.725|44.387	270|0|0	1|1|1
DN_Lv6_6_1	S_fire_blue 1	100.46|7.11|16.83	270|0|0	1|1|1
DN_Lv6_6_1	S_fire_blue 1	102.54|6.72|27.06	270|0|0	1|1|1
DN_Lv6_6_1	S_fire_blue 1	92.3|6.72|24.68	270|0|0	1|1|1
DN_Lv6_6_1	S_fire_blue 1	111.286|6.72|44.387	270|0|0	1|1|1
DN_Lv6_6_1	S_fire_blue 1	106.66|6.72|31.1	270|0|0	1|1|1
DN_Lv6_6_1	S_fire_blue 1	85.95|6.72|30.99	270|0|0	1|1|1
DN_Lv6_6_2	S_fire_01	9.055496|-5.357692|134.1837	270|0|0	1|1|1
DN_Lv6_6_2	S_fire_03	9.056496|-4.037692|124.6657	270|0|0	1|1|1
DN_Lv6_6_2	S_fire_03	-21.6545|-3.979692|126.4637	270|0|0	1|1|1
DN_Lv6_6_2	S_fire_03	-19.8035|-4.076692|137.0227	270|0|0	1|1|1
DN_Lv6_6_2	S_fire_01	-65.659|-5.234|46.946	270|0|0	1|1|1
DN_Lv6_6_3	S_fire_01	115.395|10|17.502	270|0|0	1|1|1
DN_Lv6_6_3	S_fire_01	110.349|10|5.497	270|0|0	1|1|1
DN_Lv6_6_3	S_fire_03	26.67|12.494|101.29	270|0|0	1|1|1
DN_Lv6_6_3	S_fire_03	23.95|11.16|97.91	270|0|0	1|1|1
DN_Lv6_6_3	S_fire_03	24.187|11.16|92.707	270|0|0	1|1|1
DN_Lv6_6_3	S_fire_03	29.49|12.56|87.78	270|0|0	1|1|1
DN_Lv6_6_3	S_fire_03	44.28|11.13|91.36	270|0|0	1|1|1
DN_Lv6_6_3	S_fire_03	44.15|11.121|99.08	270|0|0	1|1|1
DN_Lv6_6_3	S_fire_03	47.23|12.433|101.99	270|0|0	1|1|1
DN_Lv6_6_3	S_fire_03	15.19|11.22|159.39	270|0|0	1|1|1
DN_Lv6_6_3	S_fire_03	13.57|14.09|161.93	270|0|0	1|1|1
DN_Lv6_6_3	S_fire_03	12.03|14.09|166.89	270|0|0	1|1|1
DN_Lv6_6_3	S_fire_03	11.7|14.09|156.33	270|0|0	1|1|1
DN_Lv6_6_3	S_fire_03	15.033|11.199|164.574	270|0|0	1|1|1
DN_Lv6_6_3	S_fire_03	184.04|6.47|101.818	270|90|0	1|1|1
DN_Lv6_6_3	S_fire_03	183.8|6.47|107.97	270|90|0	1|1|1
DN_Lv6_6_3	S_fire_03	151.1|6.47|107.88	270|90|0	1|1|1
DN_Lv6_6_3	S_fire_03	151.24|6.47|101.68	270|90|0	1|1|1
bossrush	S_fire_01	28.07046|8.120399|53.57841	270|0|0	1|1|1
bossrush	S_fire_01	48.21552|8.120399|54.7599	270|0|0	1|1|1
bossrush	S_fire_01	55.50915|8.120399|47.49709	270|0|0	1|1|1
bossrush	S_fire_03	29.33483|0.9960859|51.47004	270|0|0	1|1|1
bossrush	S_fire_03	33.02357|0.996086|51.70315	270|0|0	1|1|1
bossrush	S_fire_03	42.86501|0.996086|51.70454	270|0|0	1|1|1
bossrush	S_fire_03	47.55995|0.996086|51.60648	270|0|0	1|1|1
bossrush	S_fire_03	47.59096|0.996086|22.71143	270|0|0	1|1|1
bossrush	S_fire_03	43.47614|0.996086|22.52517	270|0|0	1|1|1
bossrush	S_fire_03	33.03001|0.996086|22.52517	270|0|0	1|1|1
bossrush	S_fire_03	29.06923|0.996086|22.87304	270|0|0	1|1|1
bossrush	S_fire_01	20.86509|8.120399|47.34405	270|0|0	1|1|1
damaoxian	S_fire_01	28.07046|8.120399|53.57841	270|0|0	1|1|1
damaoxian	S_fire_01	48.21552|8.120399|54.7599	270|0|0	1|1|1
damaoxian	S_fire_01	55.50915|8.120399|47.49709	270|0|0	1|1|1
damaoxian	S_fire_03	29.33483|0.9960859|51.47004	270|0|0	1|1|1
damaoxian	S_fire_03	33.02357|0.996086|51.70315	270|0|0	1|1|1
damaoxian	S_fire_03	42.86501|0.996086|51.70454	270|0|0	1|1|1
damaoxian	S_fire_03	47.55995|0.996086|51.60648	270|0|0	1|1|1
damaoxian	S_fire_03	47.59096|0.996086|22.71143	270|0|0	1|1|1
damaoxian	S_fire_03	43.47614|0.996086|22.52517	270|0|0	1|1|1
damaoxian	S_fire_03	33.03001|0.996086|22.52517	270|0|0	1|1|1
damaoxian	S_fire_03	29.06923|0.996086|22.87304	270|0|0	1|1|1
damaoxian	S_fire_01	20.86509|8.120399|47.34405	270|0|0	1|1|1
damaoxian02	S_fire_03	140.721|27.33|23.825	270|0|0	1|1|1
damaoxian02	S_fire_03	129.672|27.33|19.82	270|0|0	1|1|1
damaoxian02	S_fire_03	136.264|27.33|14.924	270|270.0002|0	1|1|1
damaoxian02	S_fire_03	128.89|27.33|27.106	270|270.0002|0	1|1|1
damaoxian02	S_fire_03	136.274|27.33|27.11	270|270.0002|0	1|1|1
damaoxian02	S_fire_03	141.539|27.33|14.911	270|90.00039|0	1|1|1
damaoxian02	S_fire_03	129.706|27.33|14.132	270|180.0003|0	1|1|1
damaoxian02	S_fire_03	174.456|25.258|103.217	270|0|0	1|1|1
damaoxian02	S_fire_03	167.029|16.299|161.441	270|0|0	1|1|1
damaoxian02	S_fire_03	167.03|16.3|170.61	270|0|0	1|1|1
damaoxian02	S_fire_03	147.677|16.3|170.313	270|0|0	1|1|1
damaoxian02	S_fire_03	147.687|16.3|161.136	270|0|0	1|1|1
damaoxian02	S_fire_03	169.8|16.3|170.732	270|0|0	1|1|1
damaoxian02	S_fire_03	169.794|16.3|161.621	270|0|0	1|1|1
damaoxian02	S_fire_03	173.5|16.088|140.652	270|0|0	1|1|1
damaoxian02	S_fire_03	164.344|16.09|140.65	270|0|0	1|1|1
damaoxian02	S_fire_03	150.518|16.09|140.65	270|0|0	1|1|1
damaoxian02	S_fire_03	141.282|16.09|140.65	270|0|0	1|1|1
damaoxian02	S_fire_blue 1	159.391|16.124|183.381	270|0|0	1|1|1
damaoxian02	S_fire_blue 1	150.186|16.12|191.039	270|0|0	1|1|1
damaoxian02	S_fire_03	159.493|16.3|154.726	270|0|0	1|1|1
damaoxian02	S_fire_03	159.685|16.3|176.996	270|0|0	1|1|1
damaoxian02	S_fire_blue 1	137.17|16.104|165.591	270|0|0	1|1|1
damaoxian02	S_fire_03	159.6768|16.09|148.4536	270|0|0	1|1|1
damaoxian02	S_fire_blue 1	163.959|16.12|191.024	270|0|0	1|1|1
damaoxian02	S_fire_03	159.74|22.984|95.724	270|0|0	1|1|1
damaoxian02	S_fire_03	164.705|22.993|82.916	270|0|0	1|1|1
damaoxian02	S_fire_03	89.613|14.224|185.234	270|0|0	1|1|1
damaoxian02	S_fire_03	89.5757|14.852|174.9665	270|0|0	1|1|1
damaoxian02	S_fire_03	83.048|14.85|160.772	270|0|0	1|1|1
damaoxian02	S_fire_03	94.915|14.85|157.747	270|0|0	1|1|1
damaoxian02	S_fire_03	86.118|14.85|148.958	270|0|0	1|1|1
damaoxian02	S_fire_03	98.572|14.85|147.17	270|0|0	1|1|1
damaoxian02	S_fire_03	101.062|14.85|163.611	270|0|0	1|1|1
damaoxian02	S_fire_03	96.08|14.85|167.52	270|0|0	1|1|1
damaoxian02	S_fire_03	104.019|14.841|185.232	270|0|0	1|1|1
damaoxian02	S_fire_03	85.516|14.85|189.52	270|0|0	1|1|1
damaoxian02	S_fire_03	92.847|13.457|186.893	270|0|0	1|1|1
damaoxian02	S_fire_03	94.914|13.457|186.893	270|0|0	1|1|1
damaoxian02	S_fire_03	94.968|13.457|188.943	270|0|0	1|1|1
damaoxian02	S_fire_03	92.88|13.457|188.946	270|0|0	1|1|1
damaoxian02	S_fire_03	177.466|16.3|166.148	270|0|0	1|1|1
damaoxian02	S_fire_03	98.33|14.85|143.997	270|0|0	1|1|1
damaoxian02	S_fire_03	86.116|14.224|185.11	270|0|0	1|1|1
damaoxian02	S_fire_03	106.593|14.841|184.955	270|0|0	1|1|1
diyuquan	S_fire_03	37.922|26.621|67.698	270|0|0	1|1|1
diyuquan	S_fire_03	35.42614|26.62035|60.20549	270|0|0	1|1|1
diyuquan	S_fire_03	1.144886|26.69162|85.9263	270|0|0	1|1|1
diyuquan	S_fire_03	-0.6681099|26.69162|78.35631	270|0|0	1|1|1
diyuquan	S_fire_03	-17.50711|26.61662|71.22031	270|0|0	1|1|1
diyuquan	S_fire_03	-27.541|26.617|71.62	270|0|0	1|1|1
diyuquan	S_fire_03	72.25189|24.06962|75.1013	270|0|0	1|1|1
diyuquan	S_fire_03	72.37289|23.65762|66.8273	270|0|0	1|1|1
diyuquan	S_fire_03	94.0629|23.76262|45.3703	270|0|0	1|1|1
diyuquan	S_fire_03	101.1829|23.76662|42.6703	270|0|0	1|1|1
diyuquan	S_fire_03	87.76|20.85|16.72	270|0|0	1|1|1
diyuquan	S_fire_03	93.46|21.735|18.36	270|0|0	1|1|1
diyuquan	S_fire_03	100.57|20.681|-0.06	270|0|0	1|1|1
diyuquan	S_fire_03	92.927|20.67|-9.211	270|0|0	1|1|1
diyuquan	S_fire_03	119.22|18.636|-42.77	270|0|0	1|1|1
diyuquan	S_fire_03	109.91|18.68|-42.84	270|0|0	1|1|1
diyuquan	S_fire_03	130.494|18.63|-69.607	270|0|0	1|1|1
diyuquan	S_fire_03	126.22|18.606|-75.02	270|0|0	1|1|1
diyuquan	S_fire_03	102.62|18.637|-71.45	270|0|0	1|1|1
diyuquan	S_fire_03	97.9|18.62|-66.84	270|0|0	1|1|1
diyuquan	S_fire_03	104.44|18.71|-47.51	270|0|0	1|1|1
diyuquan	S_fire_03	100.8|18.71|-51.62	270|0|0	1|1|1
diyuquan	S_fire_03	131.891|18.66|-51.95	270|0|0	1|1|1
diyuquan	S_fire_03	99.67|23.604|81.81	270|0|0	1|1|1
diyuquan	S_fire_03	109.744|23.608|76.87	270|0|0	1|1|1
diyuquan	S_fire_03	92.927|20.67|-9.210999	270|0|0	1|1|1
diyuquan	S_fire_03	83.59|20.67|-8.83	270|0|0	1|1|1
feichuan	suduxian	0|0|0	0|0|0	1|1|1
feichuan	4_4_start_03	0|0|0	0|0|0	1|1|1
feichuan	yanchen	0|0|0	0|0|0	1|1|1
gaojigu	Cj_zc_hd	-0.047|-1.542|-7.296	0|0|0	1|1|1
gaojigu	Cj_zc_hd_01	3.261372|-2.262667|-5.118279	0|0|0	1|1|1
gaojigu	zdcj_1-1glow	7.35|2.93|12.41	29.85482|114.9876|56.63153	15.27335|10.60615|10.60615
gaojigu	Cj_zc_hd	-2.788|-2.192|4.623	0|322.4803|0	1|1|1
gaojigu	zdcj_1-1glow	-0.9|2.93|-10.11	44.7813|152.3724|41.276	13.08018|7.933895|11.34111
gaojigu	sstt_pq_01	-17.613|0.327|28.992	0|4.254163|0	0.199028|0.1990279|0.1990282
gaojigu	sstt_pq_01	-17.586|-0.72|29.068	0|65.35864|0	0.3872255|0.3872253|0.3872253
gaojigu	UI_diaoyu_0	2.52|-3.3|4.38	0|324.142|0	1|1|1
gaojigu	UI_diaoyu_1	3.259998|-3.3|4.93	0|55.6226|0	1|1|1
gaojigu	UI_diaoyu_2	5.57|-3.3|1.160004	0|245.6087|0	1|1|1
gaojigu	UI_diaoyu_3	4.489998|-3.3|5.919998	0|0|0	1|1|1
gaojigu	UI_diaoyu_4	6.029999|-3.3|5.629997	0|143.6355|0	1|1|1
gaojigu	UI_diaoyu_5	5.279999|-3.3|5.75	0|25.5036|0	1|1|1
gaojigu	UI_diaoyu_6	4.689999|-3.3|3.279999	0|0|0	1|1|1
gaojigu	UI_diaoyu_7	5.23|-3.3|4.599998	0|74.69331|0	1|1|1
gaojigu	UI_diaoyu_8	5.220001|-3.3|4.82	0|175.1867|0	1|1|1
gaojigu	UI_diaoyu_9	5.14|-3.3|6.24	0|78.2122|0	1|1|1
gaojigu	luoye_01	-11.23|0.09000015|-1.370003	0|0|0	1|1|1
gaojigu	luoye_01	4.15|0.87|12.8	0|0|0	1|1|1
gaojigu	luoye_01	-1.84|1.94|-10.6	0|0|0	1|1|1
gaojigu	luoye_01	-18.91|0.09|24.68	0|0|0	1|1|1
gonghui	Cj_zc_hd	-0.047|-1.542|-7.296	0|0|0	1|1|1
gonghui	Cj_zc_hd_01	3.261372|-2.262667|-5.118279	0|0|0	1|1|1
gonghui	zdcj_1-1glow	7.35|2.93|12.41	29.85482|114.9876|56.63153	15.27335|10.60615|10.60615
gonghui	Cj_zc_hd	-2.788|-2.192|4.623	0|322.4803|0	1|1|1
gonghui	zdcj_1-1glow	-0.9|2.93|-10.11	44.7813|152.3724|41.276	13.08018|7.933895|11.34111
gonghui	sstt_pq_01	-17.613|0.327|28.992	0|4.254163|0	0.199028|0.1990279|0.1990282
gonghui	sstt_pq_01	-17.586|-0.72|29.068	0|65.35864|0	0.3872255|0.3872253|0.3872253
gonghui	UI_diaoyu_0	2.52|-3.3|4.38	0|324.142|0	1|1|1
gonghui	UI_diaoyu_1	3.259998|-3.3|4.93	0|55.6226|0	1|1|1
gonghui	UI_diaoyu_2	5.57|-3.3|1.160004	0|245.6087|0	1|1|1
gonghui	UI_diaoyu_3	4.489998|-3.3|5.919998	0|0|0	1|1|1
gonghui	UI_diaoyu_4	6.029999|-3.3|5.629997	0|143.6355|0	1|1|1
gonghui	UI_diaoyu_5	5.279999|-3.3|5.75	0|25.5036|0	1|1|1
gonghui	UI_diaoyu_6	4.689999|-3.3|3.279999	0|0|0	1|1|1
gonghui	UI_diaoyu_7	5.23|-3.3|4.599998	0|74.69331|0	1|1|1
gonghui	UI_diaoyu_8	5.220001|-3.3|4.82	0|175.1867|0	1|1|1
gonghui	UI_diaoyu_9	5.14|-3.3|6.24	0|78.2122|0	1|1|1
gonghui	luoye_01	-11.23|0.09000015|-1.370003	0|0|0	1|1|1
gonghui	luoye_01	4.15|0.87|12.8	0|0|0	1|1|1
gonghui	luoye_01	-1.84|1.94|-10.6	0|0|0	1|1|1
gonghui	luoye_01	-18.91|0.09|24.68	0|0|0	1|1|1
gonghuilingdi	S_fire_blue 1	15.602|3.544|174.904	270|0|0	1|1|1
gonghuilingdi	S_fire_02	178.418|3.579|24.318	270|0|0	1|1|1
gonghuilingdi	S_fire_02	186.56|3.58|24.32	270|0|0	1|1|1
gonghuilingdi	S_fire_01	190.855|0.754|18.813	270|0|0	1|1|1
gonghuilingdi	S_fire_01	174.127|0.754|18.851	270|0|0	1|1|1
gonghuilingdi	S_fire_01	175.159|0.75|10.859	270|0|0	1|1|1
gonghuilingdi	S_fire_01	178.173|0.75|8.169	270|0|0	1|1|1
gonghuilingdi	S_fire_01	189.85|0.75|10.93	270|0|0	1|1|1
gonghuilingdi	S_fire_blue 1	23.805|3.54|174.9	270|0|0	1|1|1
gonghuilingdi	S_fire_01	11.33|0.8|180.22	270|0|0	1|1|1
gonghuilingdi	S_fire_01	12.55|0.8|188.384	270|0|0	1|1|1
gonghuilingdi	S_fire_01	15.63|0.8|191.13	270|0|0	1|1|1
gonghuilingdi	S_fire_01	24.22|0.8|190.87	270|0|0	1|1|1
gonghuilingdi	S_fire_01	27.096|0.8|188.2	270|0|0	1|1|1
gonghuilingdi	S_fire_01	28.102|0.8|180.275	270|0|0	1|1|1
gonghuilingdi	S_fire_01	92.93|0.8|134.5	270|0|0	1|1|1
gonghuilingdi	S_fire_01	99.98|0.8|134.53	270|0|0	1|1|1
gonghuilingdi	S_fire_01	98.8|0.8|66.16	270|0|0	1|1|1
gonghuilingdi	S_fire_01	107.56|0.8|66.16	270|0|0	1|1|1
gonghuilingdi	S_fire_01	140.392|3.821|111.405	270|0|0	1|1|1
gonghuilingdi	S_fire_01	131.55|3.82|109.71	270|0|0	1|1|1
gonghuilingdi	S_fire_01	70.14|3.8|94.35	270|0|0	1|1|1
gonghuilingdi	S_fire_01	61.55|3.8|94.5	270|0|0	1|1|1
gonghuilingdi	S_fire_01	95.5|2.83|95.11	270|0|0	1|1|1
gonghuilingdi	S_fire_01	100.52|2.83|93.23	270|0|0	1|1|1
gonghuilingdi	S_fire_01	105.01|2.83|106.736	270|0|0	1|1|1
gonghuilingdi	S_fire_01	99.851|2.83|108.477	270|0|0	1|1|1
gonghuilingdi	S_fire_01	93.762|5.73|149.056	270|0|0	1|1|1
gonghuilingdi	S_fire_01	102.197|5.73|149.056	270|0|0	1|1|1
gonghuilingdi	S_fire_01	106.74|5.572|53.75	270|0|0	1|1|1
gonghuilingdi	S_fire_01	98.29|5.57|53.75	270|0|0	1|1|1
heianshendian	S_fire_blue 1	15.602|3.544|174.904	270|0|0	1|1|1
heianshendian	S_fire_02	178.418|3.579|24.318	270|0|0	1|1|1
heianshendian	S_fire_02	186.56|3.58|24.32	270|0|0	1|1|1
heianshendian	S_fire_01	190.855|0.754|18.813	270|0|0	1|1|1
heianshendian	S_fire_01	174.127|0.754|18.851	270|0|0	1|1|1
heianshendian	S_fire_01	175.159|0.75|10.859	270|0|0	1|1|1
heianshendian	S_fire_01	178.173|0.75|8.169	270|0|0	1|1|1
heianshendian	S_fire_01	189.85|0.75|10.93	270|0|0	1|1|1
heianshendian	S_fire_blue 1	23.805|3.54|174.9	270|0|0	1|1|1
heianshendian	S_fire_01	11.33|0.8|180.22	270|0|0	1|1|1
heianshendian	S_fire_01	12.55|0.8|188.384	270|0|0	1|1|1
heianshendian	S_fire_01	15.63|0.8|191.13	270|0|0	1|1|1
heianshendian	S_fire_01	24.22|0.8|190.87	270|0|0	1|1|1
heianshendian	S_fire_01	27.096|0.8|188.2	270|0|0	1|1|1
heianshendian	S_fire_01	28.102|0.8|180.275	270|0|0	1|1|1
heianshendian	S_fire_01	92.93|0.8|134.5	270|0|0	1|1|1
heianshendian	S_fire_01	99.98|0.8|134.53	270|0|0	1|1|1
heianshendian	S_fire_01	98.8|0.8|66.16	270|0|0	1|1|1
heianshendian	S_fire_01	107.56|0.8|66.16	270|0|0	1|1|1
heianshendian	S_fire_01	140.392|3.821|111.405	270|0|0	1|1|1
heianshendian	S_fire_01	131.55|3.82|109.71	270|0|0	1|1|1
heianshendian	S_fire_01	70.14|3.8|94.35	270|0|0	1|1|1
heianshendian	S_fire_01	61.55|3.8|94.5	270|0|0	1|1|1
heianshendian	S_fire_01	95.5|2.83|95.11	270|0|0	1|1|1
heianshendian	S_fire_01	100.52|2.83|93.23	270|0|0	1|1|1
heianshendian	S_fire_01	105.01|2.83|106.736	270|0|0	1|1|1
heianshendian	S_fire_01	99.851|2.83|108.477	270|0|0	1|1|1
heianshendian	S_fire_01	93.762|5.73|149.056	270|0|0	1|1|1
heianshendian	S_fire_01	102.197|5.73|149.056	270|0|0	1|1|1
heianshendian	S_fire_01	106.74|5.572|53.75	270|0|0	1|1|1
heianshendian	S_fire_01	98.29|5.57|53.75	270|0|0	1|1|1
heianshendian01	S_fire_blue 1	15.602|3.544|174.904	270|0|0	1|1|1
heianshendian01	S_fire_02	178.418|3.579|24.318	270|0|0	1|1|1
heianshendian01	S_fire_02	186.56|3.58|24.32	270|0|0	1|1|1
heianshendian01	S_fire_01	190.855|0.754|18.813	270|0|0	1|1|1
heianshendian01	S_fire_01	174.127|0.754|18.851	270|0|0	1|1|1
heianshendian01	S_fire_01	175.159|0.75|10.859	270|0|0	1|1|1
heianshendian01	S_fire_01	178.173|0.75|8.169	270|0|0	1|1|1
heianshendian01	S_fire_01	189.85|0.75|10.93	270|0|0	1|1|1
heianshendian01	S_fire_blue 1	23.805|3.54|174.9	270|0|0	1|1|1
heianshendian01	S_fire_01	11.33|0.8|180.22	270|0|0	1|1|1
heianshendian01	S_fire_01	12.55|0.8|188.384	270|0|0	1|1|1
heianshendian01	S_fire_01	15.63|0.8|191.13	270|0|0	1|1|1
heianshendian01	S_fire_01	24.22|0.8|190.87	270|0|0	1|1|1
heianshendian01	S_fire_01	27.096|0.8|188.2	270|0|0	1|1|1
heianshendian01	S_fire_01	28.102|0.8|180.275	270|0|0	1|1|1
heianshendian01	S_fire_01	92.93|0.8|134.5	270|0|0	1|1|1
heianshendian01	S_fire_01	99.98|0.8|134.53	270|0|0	1|1|1
heianshendian01	S_fire_01	98.8|0.8|66.16	270|0|0	1|1|1
heianshendian01	S_fire_01	107.56|0.8|66.16	270|0|0	1|1|1
heianshendian01	S_fire_01	140.392|3.821|111.405	270|0|0	1|1|1
heianshendian01	S_fire_01	131.55|3.82|109.71	270|0|0	1|1|1
heianshendian01	S_fire_01	70.14|3.8|94.35	270|0|0	1|1|1
heianshendian01	S_fire_01	61.55|3.8|94.5	270|0|0	1|1|1
heianshendian01	S_fire_01	95.5|2.83|95.11	270|0|0	1|1|1
heianshendian01	S_fire_01	100.52|2.83|93.23	270|0|0	1|1|1
heianshendian01	S_fire_01	105.01|2.83|106.736	270|0|0	1|1|1
heianshendian01	S_fire_01	99.851|2.83|108.477	270|0|0	1|1|1
heianshendian01	S_fire_01	93.762|5.73|149.056	270|0|0	1|1|1
heianshendian01	S_fire_01	102.197|5.73|149.056	270|0|0	1|1|1
heianshendian01	S_fire_01	106.74|5.572|53.75	270|0|0	1|1|1
heianshendian01	S_fire_01	98.29|5.57|53.75	270|0|0	1|1|1
hero	S_fire_blue 1	15.602|3.544|174.904	270|0|0	1|1|1
hero	S_fire_02	178.418|3.579|24.318	270|0|0	1|1|1
hero	S_fire_02	186.56|3.58|24.32	270|0|0	1|1|1
hero	S_fire_01	190.855|0.754|18.813	270|0|0	1|1|1
hero	S_fire_01	174.127|0.754|18.851	270|0|0	1|1|1
hero	S_fire_01	175.159|0.75|10.859	270|0|0	1|1|1
hero	S_fire_01	178.173|0.75|8.169	270|0|0	1|1|1
hero	S_fire_01	189.85|0.75|10.93	270|0|0	1|1|1
hero	S_fire_blue 1	23.805|3.54|174.9	270|0|0	1|1|1
hero	S_fire_01	11.33|0.8|180.22	270|0|0	1|1|1
hero	S_fire_01	12.55|0.8|188.384	270|0|0	1|1|1
hero	S_fire_01	15.63|0.8|191.13	270|0|0	1|1|1
hero	S_fire_01	24.22|0.8|190.87	270|0|0	1|1|1
hero	S_fire_01	27.096|0.8|188.2	270|0|0	1|1|1
hero	S_fire_01	28.102|0.8|180.275	270|0|0	1|1|1
hero	S_fire_01	92.93|0.8|134.5	270|0|0	1|1|1
hero	S_fire_01	99.98|0.8|134.53	270|0|0	1|1|1
hero	S_fire_01	98.8|0.8|66.16	270|0|0	1|1|1
hero	S_fire_01	107.56|0.8|66.16	270|0|0	1|1|1
hero	S_fire_01	140.392|3.821|111.405	270|0|0	1|1|1
hero	S_fire_01	131.55|3.82|109.71	270|0|0	1|1|1
hero	S_fire_01	70.14|3.8|94.35	270|0|0	1|1|1
hero	S_fire_01	61.55|3.8|94.5	270|0|0	1|1|1
hero	S_fire_01	95.5|2.83|95.11	270|0|0	1|1|1
hero	S_fire_01	100.52|2.83|93.23	270|0|0	1|1|1
hero	S_fire_01	105.01|2.83|106.736	270|0|0	1|1|1
hero	S_fire_01	99.851|2.83|108.477	270|0|0	1|1|1
hero	S_fire_01	93.762|5.73|149.056	270|0|0	1|1|1
hero	S_fire_01	102.197|5.73|149.056	270|0|0	1|1|1
hero	S_fire_01	106.74|5.572|53.75	270|0|0	1|1|1
hero	S_fire_01	98.29|5.57|53.75	270|0|0	1|1|1
huodong	S_fire_blue 1	15.602|3.544|174.904	270|0|0	1|1|1
huodong	S_fire_02	178.418|3.579|24.318	270|0|0	1|1|1
huodong	S_fire_02	186.56|3.58|24.32	270|0|0	1|1|1
huodong	S_fire_01	190.855|0.754|18.813	270|0|0	1|1|1
huodong	S_fire_01	174.127|0.754|18.851	270|0|0	1|1|1
huodong	S_fire_01	175.159|0.75|10.859	270|0|0	1|1|1
huodong	S_fire_01	178.173|0.75|8.169	270|0|0	1|1|1
huodong	S_fire_01	189.85|0.75|10.93	270|0|0	1|1|1
huodong	S_fire_blue 1	23.805|3.54|174.9	270|0|0	1|1|1
huodong	S_fire_01	11.33|0.8|180.22	270|0|0	1|1|1
huodong	S_fire_01	12.55|0.8|188.384	270|0|0	1|1|1
huodong	S_fire_01	15.63|0.8|191.13	270|0|0	1|1|1
huodong	S_fire_01	24.22|0.8|190.87	270|0|0	1|1|1
huodong	S_fire_01	27.096|0.8|188.2	270|0|0	1|1|1
huodong	S_fire_01	28.102|0.8|180.275	270|0|0	1|1|1
huodong	S_fire_01	92.93|0.8|134.5	270|0|0	1|1|1
huodong	S_fire_01	99.98|0.8|134.53	270|0|0	1|1|1
huodong	S_fire_01	98.8|0.8|66.16	270|0|0	1|1|1
huodong	S_fire_01	107.56|0.8|66.16	270|0|0	1|1|1
huodong	S_fire_01	140.392|3.821|111.405	270|0|0	1|1|1
huodong	S_fire_01	131.55|3.82|109.71	270|0|0	1|1|1
huodong	S_fire_01	70.14|3.8|94.35	270|0|0	1|1|1
huodong	S_fire_01	61.55|3.8|94.5	270|0|0	1|1|1
huodong	S_fire_01	95.5|2.83|95.11	270|0|0	1|1|1
huodong	S_fire_01	100.52|2.83|93.23	270|0|0	1|1|1
huodong	S_fire_01	105.01|2.83|106.736	270|0|0	1|1|1
huodong	S_fire_01	99.851|2.83|108.477	270|0|0	1|1|1
huodong	S_fire_01	93.762|5.73|149.056	270|0|0	1|1|1
huodong	S_fire_01	102.197|5.73|149.056	270|0|0	1|1|1
huodong	S_fire_01	106.74|5.572|53.75	270|0|0	1|1|1
huodong	S_fire_01	98.29|5.57|53.75	270|0|0	1|1|1
jintaifeng	S_fire_01	85.149|26.134|139.106	270|0|0	1|1|1
jintaifeng	S_fire_01	85.15|26.13|120.997	270|0|0	1|1|1
jintaifeng	S_fire_01	66.914|26.13|121	270|0|0	1|1|1
jintaifeng	S_fire_01	66.914|26.13|139.11	270|0|0	1|1|1
jintaifeng	S_fire_03	78.321|25.559|142.443	270|0|0	1|1|1
jintaifeng	S_fire_03	73.398|25.559|142.443	270|0|0	1|1|1
jintaifeng	S_fire_03	86.371|25.56|133.637	270|0|0	1|1|1
jintaifeng	S_fire_03	86.37|25.56|127.051	270|0|0	1|1|1
jintaifeng	S_fire_blue 1	78.779|30.612|186.419	270|0|0	1|1|1
jintaifeng	S_fire_blue 1	73.497|30.612|186.419	270|0|0	1|1|1
jintaifeng	S_fire_03	78.325|25.258|116.396	270|0|0	1|1|1
jintaifeng	S_fire_03	73.384|25.26|116.38	270|0|0	1|1|1
jintaifeng	S_fire_03	73.38|21.15|105.769	270|0|0	1|1|1
jintaifeng	S_fire_03	78.319|21.15|105.769	270|0|0	1|1|1
jintaifeng	S_fire_blue 1	73.464|22.496|97.867	270|0|0	1|1|1
jintaifeng	S_fire_blue 1	78.118|22.496|97.858	270|0|0	1|1|1
jintaifeng	S_fire_03	73.39|29.651|153.034	270|0|0	1|1|1
jintaifeng	S_fire_03	78.312|29.65|153.03	270|0|0	1|1|1
jintaifeng	zdcj_wuqi_03	121.36|8.41|119.21	0|0|0	1|1|1
jintaifeng	zdcj_wuqi_03	51.55|8.47|105.48	0|0|0	1|1|1
jintaifeng	zdcj_wuqi_03	99.61|12.34|110.29	0|0|0	1|1|1
jintaifeng	zdcj_wuqi_03	20.73|6.32|112.03	0|0|0	1|1|1
juren	S_fire_01	67.44|2.45|38.13	270|0|0	1|1|1
juren	S_fire_01	70.54|2.45|45.61	270|0|0	1|1|1
juren	S_fire_01	78|2.45|48.67	270|0|0	1|1|1
juren	S_fire_01	85.45|2.45|45.57	270|0|0	1|1|1
juren	S_fire_01	88.55|2.45|38.12	270|0|0	1|1|1
juren	S_fire_01	85.47|2.45|30.65	270|0|0	1|1|1
juren	S_fire_01	77.99|2.45|27.56	270|0|0	1|1|1
juren	S_fire_01	70.54|2.45|30.67	270|0|0	1|1|1
juren	S_fire_03	18.754|1.375|127.853	270|0|0	1|1|1
juren	S_fire_blue 1	46.169|1.37|116.038	270|0|0	1|1|1
juren	S_fire_blue 1	38.59|1.37|108.459	270|0|0	1|1|1
juren	S_fire_03	26.8|1.38|135.429	270|0|0	1|1|1
juren	S_fire_03	120.28|6.21|93.33	270|0|0	1|1|1
juren	S_fire_03	132.669|6.201|114.589	270|0|0	1|1|1
juren	S_fire_03	98.48|6.21|93.255	270|0|0	1|1|1
juren	S_fire_03	86.077|6.21|114.515	270|0|0	1|1|1
juren	zdcj_1-1glow	24.34|12.94|62.67	342.2756|317.1172|21.03391	11|11|11
juren	zdcj_1-1glow	24.11|12.94|62.67	354.0528|57.82927|347.4454	11|11|11
juren	zdcj_1-1glow	107.7|20.26|110.64	351.5696|314.4988|10.14275	18|18|18
juren	zdcj_1-1glow	107.39|20.56|110.75	350.9481|46.18179|354.0025	18|18|18
lvlong	S_fire_01	67.44|2.45|38.13	270|0|0	1|1|1
lvlong	S_fire_01	70.54|2.45|45.61	270|0|0	1|1|1
lvlong	S_fire_01	78|2.45|48.67	270|0|0	1|1|1
lvlong	S_fire_01	85.45|2.45|45.57	270|0|0	1|1|1
lvlong	S_fire_01	88.55|2.45|38.12	270|0|0	1|1|1
lvlong	S_fire_01	85.47|2.45|30.65	270|0|0	1|1|1
lvlong	S_fire_01	77.99|2.45|27.56	270|0|0	1|1|1
lvlong	S_fire_01	70.54|2.45|30.67	270|0|0	1|1|1
lvlong	S_fire_03	18.754|1.375|127.853	270|0|0	1|1|1
lvlong	S_fire_blue 1	46.169|1.37|116.038	270|0|0	1|1|1
lvlong	S_fire_blue 1	38.59|1.37|108.459	270|0|0	1|1|1
lvlong	S_fire_03	26.8|1.38|135.429	270|0|0	1|1|1
lvlong	S_fire_03	120.28|6.21|93.33	270|0|0	1|1|1
lvlong	S_fire_03	132.669|6.201|114.589	270|0|0	1|1|1
lvlong	S_fire_03	98.48|6.21|93.255	270|0|0	1|1|1
lvlong	S_fire_03	86.077|6.21|114.515	270|0|0	1|1|1
lvlong	zdcj_1-1glow	24.34|12.94|62.67	342.2756|317.1172|21.03391	11|11|11
lvlong	zdcj_1-1glow	24.11|12.94|62.67	354.0528|57.82927|347.4454	11|11|11
lvlong	zdcj_1-1glow	107.7|20.26|110.64	351.5696|314.4988|10.14275	18|18|18
lvlong	zdcj_1-1glow	107.39|20.56|110.75	350.9481|46.18179|354.0025	18|18|18
pvp	S_fire_01	67.44|2.45|38.13	270|0|0	1|1|1
pvp	S_fire_01	70.54|2.45|45.61	270|0|0	1|1|1
pvp	S_fire_01	78|2.45|48.67	270|0|0	1|1|1
pvp	S_fire_01	85.45|2.45|45.57	270|0|0	1|1|1
pvp	S_fire_01	88.55|2.45|38.12	270|0|0	1|1|1
pvp	S_fire_01	85.47|2.45|30.65	270|0|0	1|1|1
pvp	S_fire_01	77.99|2.45|27.56	270|0|0	1|1|1
pvp	S_fire_01	70.54|2.45|30.67	270|0|0	1|1|1
pvp	S_fire_03	18.754|1.375|127.853	270|0|0	1|1|1
pvp	S_fire_blue 1	46.169|1.37|116.038	270|0|0	1|1|1
pvp	S_fire_blue 1	38.59|1.37|108.459	270|0|0	1|1|1
pvp	S_fire_03	26.8|1.38|135.429	270|0|0	1|1|1
pvp	S_fire_03	120.28|6.21|93.33	270|0|0	1|1|1
pvp	S_fire_03	132.669|6.201|114.589	270|0|0	1|1|1
pvp	S_fire_03	98.48|6.21|93.255	270|0|0	1|1|1
pvp	S_fire_03	86.077|6.21|114.515	270|0|0	1|1|1
pvp	zdcj_1-1glow	24.34|12.94|62.67	342.2756|317.1172|21.03391	11|11|11
pvp	zdcj_1-1glow	24.11|12.94|62.67	354.0528|57.82927|347.4454	11|11|11
pvp	zdcj_1-1glow	107.7|20.26|110.64	351.5696|314.4988|10.14275	18|18|18
pvp	zdcj_1-1glow	107.39|20.56|110.75	350.9481|46.18179|354.0025	18|18|18
saima01	S_fire_03	157.6708|21.57073|147.9956	270|0|0	1|1|1
saima01	S_fire_01	153.221|20.517|113.892	270|0|0	1|1|1
saima01	S_fire_01	70.52417|5.478631|144.2999	270|0|0	1|1|1
saima01	S_fire_01	56.15|4.555|118.06	270|0|0	1|1|1
saima01	S_fire_03	125.1209|15.77907|149.229	270|0|0	1|1|1
saima01	S_fire_03	69.26103|6.348007|143.8813	270|0|0	1|1|1
saima01	S_fire_01	188.341|4.657|71.093	270|0|0	1|1|1
saima01	S_fire_01	177.525|4.175|85.417	275.7461|286.1294|73.79469	1|1|1
saima01	S_fire_01	29.882|1.477|185.677	270|0|0	1|1|1
saima01	S_fire_01	171.19|3.69|50.23	270|0|0	1|1|1
saima01	S_fire_01	21.368|0.173|26.463	270|0|0	1|1|1
saima01	S_fire_03	18.419|1.123|100.585	270|0|0	1|1|1
saima01	S_fire_03	10.94|1.347|100.589	270|0|0	1|1|1
saima01	S_fire_01	169.351|4.009|184.268	270|0|0	1|1|1
saima01	S_fire_03	147.696|5.44|57.23	270|0|0	1|1|1
saima01	S_fire_03	150.492|5.44|52.122	270|0|0	1|1|1
saima01	S_fire_01	116.135|22.861|97.605	270|0|0	1|1|1
saima01	S_fire_03	53.473|3.986|151.767	270|0|0	1|1|1
saima01	S_fire_01	88.793|1.446|174.756	270|0|0	1|1|1
saima01	S_fire_03	95.589|9.894|129.033	270|0|0	1|1|1
saima01	S_fire_03	93.941|5.62|70.177	270|0|0	1|1|1
saima01	S_fire_03	89.599|5.552|69.795	270|0|0	1|1|1
wugu	S_fire_03	94.139|5.288|52.697	270|0|0	1|1|1
wugu	S_fire_03	94.163|5.288|52.511	270|286.5844|0	1|1|1
yishishendian	S_fire_03	1.652|-0.6|-21.45	270|0|0	1|1|1
yishishendian	S_fire_03	-3.665|-0.6|-21.45	270|0|0	1|1|1
seadragon	S_fire_03	94.139|5.288|52.697	270|0|0	1|1|1
seadragon	S_fire_03	94.163|5.288|52.511	270|286.5844|0	1|1|1
xiaoyaojing	S_fire_03	1.652|-0.6|-21.45	270|0|0	1|1|1
xiaoyaojing	S_fire_03	-3.665|-0.6|-21.45	270|0|0	1|1|1
