SceneID		MaxTimeScores	Time	MaxSurviveScores	DeadScores	DamageScores	TreatScores	FightScores	ProfessionScores	Standard
场景ID		时间分满分	时间限制(秒）	存活分满分	死亡单次扣分	伤害排名分	治愈排名分	战力排名分	职业类型分	B分数|A分数|S分数|SS分数|SSS分数
1002	牛头怪深红大将之巢	3000	300	1000	500	1000|800|700|600|500|400	500|400|300|200|100|0	0|0|0|0|0|0	0|0|0|0|0|0|0	0|0|3500|4400|10000
1015	地狱犬卡卡里之巢（练习模式）	3000	240	1000	500	1000|800|700|600|500|400	500|400|300|200|100|0	0|0|0|0|0|0	0|0|0|0|0|0|0	0|0|3500|4400|10000
1016	地狱犬卡卡里之巢（普通模式）	3000	270	1000	500	1000|800|700|600|500|400	500|400|300|200|100|0	0|0|0|0|0|0	0|0|0|0|0|0|0	0|0|3500|4400|10000
1017	地狱犬卡卡里之巢（困难模式）	3000	300	1000	500	1000|800|700|600|500|400	500|400|300|200|100|0	0|0|0|0|0|0	0|0|0|0|0|0|0	0|0|3500|4400|10000
1018	星级巢穴-地狱犬1（原地狱模式）	3000	300	1000	0	1000|800|700|600|500|400	500|400|300|200|100|0	0|0|0|0|0|0	0|0|0|0|0|0|0	0|0|1|2|3
1019	地狱犬卡卡里之巢（困难模式）	3000	300	1000	500	1000|800|700|600|500|400	500|400|300|200|100|0	0|0|0|0|0|0	0|0|0|0|0|0|0	0|0|3500|4400|10000
1025	狮蝎克雷姆之巢（练习模式）	3000	360	1000	500	1000|800|700|600|500|400	500|400|300|200|100|0	0|0|0|0|0|0	0|0|0|0|0|0|0	0|0|3500|4400|10000
1026	狮蝎克雷姆之巢（普通模式）	3000	420	1000	500	1000|800|700|600|500|400	500|400|300|200|100|0	0|0|0|0|0|0	0|0|0|0|0|0|0	0|0|3500|4400|10000
1027	狮蝎克雷姆之巢（困难模式）	3000	420	1000	500	1000|800|700|600|500|400	500|400|300|200|100|0	0|0|0|0|0|0	0|0|0|0|0|0|0	0|0|3500|4400|10000
1028	星级巢穴-狮蝎1（原地狱模式）	3000	420	1000	0	1000|800|700|600|500|400	500|400|300|200|100|0	0|0|0|0|0|0	0|0|0|0|0|0|0	0|0|1|2|3
1029	狮蝎克雷姆之巢（困难模式）	3000	420	1000	500	1000|800|700|600|500|400	500|400|300|200|100|0	0|0|0|0|0|0	0|0|0|0|0|0|0	0|0|3500|4400|10000
1035	天启巢穴（练习模式）	3000	300	1000	500	1000|800|700|600|500|400	500|400|300|200|100|0	0|0|0|0|0|0	0|0|0|0|0|0|0	0|0|3500|4400|10000
1036	天启巢穴（普通模式）	3000	360	1000	500	1000|800|700|600|500|400	500|400|300|200|100|0	0|0|0|0|0|0	0|0|0|0|0|0|0	0|0|3500|4400|10000
1037	天启巢穴（困难模式）	3000	420	1000	500	1000|800|700|600|500|400	500|400|300|200|100|0	0|0|0|0|0|0	0|0|0|0|0|0|0	0|0|3500|4400|10000
1038	星级巢穴-天启1（原地狱模式）	3000	420	1000	0	1000|800|700|600|500|400	500|400|300|200|100|0	0|0|0|0|0|0	0|0|0|0|0|0|0	0|0|1|2|3
1039	天启巢穴（困难模式）	3000	420	1000	500	1000|800|700|600|500|400	500|400|300|200|100|0	0|0|0|0|0|0	0|0|0|0|0|0|0	0|0|3500|4400|10000
1045	大主教巢穴-简单	3000	300	1000	500	1000|800|700|600|500|400	500|400|300|200|100|0	0|0|0|0|0|0	0|0|0|0|0|0|0	0|0|3500|4400|10000
1046	大主教巢穴-普通	3000	360	1000	500	1000|800|700|600|500|400	500|400|300|200|100|0	0|0|0|0|0|0	0|0|0|0|0|0|0	0|0|3500|4400|10000
1047	大主教巢穴-困难	3000	420	1000	500	1000|800|700|600|500|400	500|400|300|200|100|0	0|0|0|0|0|0	0|0|0|0|0|0|0	0|0|3500|4400|10000
1048	星级巢穴-大主教1（原地狱模式）	3000	420	1000	0	1000|800|700|600|500|400	500|400|300|200|100|0	0|0|0|0|0|0	0|0|0|0|0|0|0	0|0|1|2|3
1049	大主教巢穴-困难	3000	420	1000	500	1000|800|700|600|500|400	500|400|300|200|100|0	0|0|0|0|0|0	0|0|0|0|0|0|0	0|0|3500|4400|10000
1055	巨人巢穴-简单	3000	300	1000	500	1000|800|700|600|500|400	500|400|300|200|100|0	0|0|0|0|0|0	0|0|0|0|0|0|0	0|0|3500|4400|10000
1056	巨人巢穴-普通	3000	360	1000	500	1000|800|700|600|500|400	500|400|300|200|100|0	0|0|0|0|0|0	0|0|0|0|0|0|0	0|0|3500|4400|10000
1057	巨人巢穴-困难	3000	420	1000	500	1000|800|700|600|500|400	500|400|300|200|100|0	0|0|0|0|0|0	0|0|0|0|0|0|0	0|0|3500|4400|10000
1058	星级巢穴-巨人1（原地狱模式）	3000	420	1000	0	1000|800|700|600|500|400	500|400|300|200|100|0	0|0|0|0|0|0	0|0|0|0|0|0|0	0|0|1|2|3
1059	巨人巢穴-困难	3000	420	1000	500	1000|800|700|600|500|400	500|400|300|200|100|0	0|0|0|0|0|0	0|0|0|0|0|0|0	0|0|3500|4400|10000
1065	台风金巢穴-简单	3000	300	1000	500	1000|800|700|600|500|400	500|400|300|200|100|0	0|0|0|0|0|0	0|0|0|0|0|0|0	0|0|3500|4400|10000
1066	台风金巢穴-普通	3000	360	1000	500	1000|800|700|600|500|400	500|400|300|200|100|0	0|0|0|0|0|0	0|0|0|0|0|0|0	0|0|3500|4400|10000
1067	台风金巢穴-困难	3000	420	1000	500	1000|800|700|600|500|400	500|400|300|200|100|0	0|0|0|0|0|0	0|0|0|0|0|0|0	0|0|3500|4400|10000
1068	台风金巢穴-地狱一星	3000	420	1000	0	1000|800|700|600|500|400	500|400|300|200|100|0	0|0|0|0|0|0	0|0|0|0|0|0|0	0|0|1|2|3
1069	台风金巢穴-困难	3000	420	1000	500	1000|800|700|600|500|400	500|400|300|200|100|0	0|0|0|0|0|0	0|0|0|0|0|0|0	0|0|3500|4400|10000
1075	K博士巢穴-简单	3000	300	1000	500	1000|800|700|600|500|400	500|400|300|200|100|0	0|0|0|0|0|0	0|0|0|0|0|0|0	0|0|3500|4400|10000
1076	K博士巢穴-普通	3000	360	1000	500	1000|800|700|600|500|400	500|400|300|200|100|0	0|0|0|0|0|0	0|0|0|0|0|0|0	0|0|3500|4400|10000
1077	K博士巢穴-困难	3000	420	1000	500	1000|800|700|600|500|400	500|400|300|200|100|0	0|0|0|0|0|0	0|0|0|0|0|0|0	0|0|3500|4400|10000
1078	K博士巢穴-地狱一星	3000	420	1000	0	1000|800|700|600|500|400	500|400|300|200|100|0	0|0|0|0|0|0	0|0|0|0|0|0|0	0|0|1|2|3
1079	K博士巢穴-困难	3000	420	1000	500	1000|800|700|600|500|400	500|400|300|200|100|0	0|0|0|0|0|0	0|0|0|0|0|0|0	0|0|3500|4400|10000
1085	守护者巢穴-简单	3000	300	1000	500	1000|800|700|600|500|400	500|400|300|200|100|0	0|0|0|0|0|0	0|0|0|0|0|0|0	0|0|3500|4400|10000
1086	守护者巢穴-普通	3000	360	1000	500	1000|800|700|600|500|400	500|400|300|200|100|0	0|0|0|0|0|0	0|0|0|0|0|0|0	0|0|3500|4400|10000
1087	守护者巢穴-困难	3000	420	1000	500	1000|800|700|600|500|400	500|400|300|200|100|0	0|0|0|0|0|0	0|0|0|0|0|0|0	0|0|3500|4400|10000
1088	守护者巢穴-地狱一星	3000	420	1000	0	1000|800|700|600|500|400	500|400|300|200|100|0	0|0|0|0|0|0	0|0|0|0|0|0|0	0|0|1|2|3
1089	守护者巢穴-困难	3000	420	1000	500	1000|800|700|600|500|400	500|400|300|200|100|0	0|0|0|0|0|0	0|0|0|0|0|0|0	0|0|3500|4400|10000
1095	迷雾巢穴-简单	3000	300	1000	500	1000|800|700|600|500|400	500|400|300|200|100|0	0|0|0|0|0|0	0|0|0|0|0|0|0	0|0|3500|4400|10000
1096	迷雾巢穴-普通	3000	360	1000	500	1000|800|700|600|500|400	500|400|300|200|100|0	0|0|0|0|0|0	0|0|0|0|0|0|0	0|0|3500|4400|10000
1097	迷雾巢穴-困难	3000	420	1000	500	1000|800|700|600|500|400	500|400|300|200|100|0	0|0|0|0|0|0	0|0|0|0|0|0|0	0|0|3500|4400|10000
1098	迷雾巢穴-地狱一星	3000	420	1000	0	1000|800|700|600|500|400	500|400|300|200|100|0	0|0|0|0|0|0	0|0|0|0|0|0|0	0|0|1|2|3
30011	竞技巢穴（地狱犬）	3000	420	1000	500	1000|800|700|600|500|400	500|400|300|200|100|0	0|0|0|0|0|0	0|0|0|0|0|0|0	0|0|3500|4400|10000
30012	竞技巢穴（狮蝎）	3000	420	1000	500	1000|800|700|600|500|400	500|400|300|200|100|0	0|0|0|0|0|0	0|0|0|0|0|0|0	0|0|3500|4400|10000
30013	竞技巢穴（天启）	3000	420	1000	500	1000|800|700|600|500|400	500|400|300|200|100|0	0|0|0|0|0|0	0|0|0|0|0|0|0	0|0|3500|4400|10000
30014	竞技巢穴（大主教）	3000	420	1000	500	1000|800|700|600|500|400	500|400|300|200|100|0	0|0|0|0|0|0	0|0|0|0|0|0|0	0|0|3500|4400|10000
30015	竞技巢穴（巨人）	3000	420	1000	500	1000|800|700|600|500|400	500|400|300|200|100|0	0|0|0|0|0|0	0|0|0|0|0|0|0	0|0|3500|4400|10000
30016	竞技巢穴（台风金）	3000	420	1000	500	1000|800|700|600|500|400	500|400|300|200|100|0	0|0|0|0|0|0	0|0|0|0|0|0|0	0|0|3500|4400|10000
30017	竞技巢穴（K博士）	3000	420	1000	500	1000|800|700|600|500|400	500|400|300|200|100|0	0|0|0|0|0|0	0|0|0|0|0|0|0	0|0|3500|4400|10000
30018	竞技巢穴（K博士）	3000	420	1000	500	1000|800|700|600|500|400	500|400|300|200|100|0	0|0|0|0|0|0	0|0|0|0|0|0|0	0|0|3500|4400|10000
30019	竞技巢穴（迷雾）	3000	420	1000	500	1000|800|700|600|500|400	500|400|300|200|100|0	0|0|0|0|0|0	0|0|0|0|0|0|0	0|0|3500|4400|10000
30020	竞技巢穴（火山）	3000	420	1000	500	1000|800|700|600|500|400	500|400|300|200|100|0	0|0|0|0|0|0	0|0|0|0|0|0|0	0|0|3500|4400|10000
30021	竞技巢穴（K博士）	3000	420	1000	500	1000|800|700|600|500|400	500|400|300|200|100|0	0|0|0|0|0|0	0|0|0|0|0|0|0	0|0|3500|4400|10000
30022	竞技巢穴（迷雾）	3000	420	1000	500	1000|800|700|600|500|400	500|400|300|200|100|0	0|0|0|0|0|0	0|0|0|0|0|0|0	0|0|3500|4400|10000
30023	竞技巢穴（火山）	3000	420	1000	500	1000|800|700|600|500|400	500|400|300|200|100|0	0|0|0|0|0|0	0|0|0|0|0|0|0	0|0|3500|4400|10000
1100	海龙龙穴第一关	3000	300	1000	500	1000|800|700|600|500|400	500|400|300|200|100|0	0|0|0|0|0|0	0|0|0|0|0|0|0	0|0|3500|4400|10000
1101	海龙龙穴第二关	3000	300	1000	500	1000|800|700|600|500|400	500|400|300|200|100|0	0|0|0|0|0|0	0|0|0|0|0|0|0	0|0|3500|4400|10000
1102	海龙龙穴第三关	3000	300	1000	500	1000|800|700|600|500|400	500|400|300|200|100|0	0|0|0|0|0|0	0|0|0|0|0|0|0	0|0|3500|4400|10000
1103	海龙龙穴第四关	3000	300	1000	500	1000|800|700|600|500|400	500|400|300|200|100|0	0|0|0|0|0|0	0|0|0|0|0|0|0	0|0|3500|4400|10000
1104	海龙龙穴第五关	3000	300	1000	500	1000|800|700|600|500|400	500|400|300|200|100|0	0|0|0|0|0|0	0|0|0|0|0|0|0	0|0|3500|4400|10000
1105	海龙龙穴第六关	3000	600	1000	500	1000|800|700|600|500|400	500|400|300|200|100|0	0|0|0|0|0|0	0|0|0|0|0|0|0	0|0|3500|4400|10000
1106	海龙龙穴（硬盒）	3000	600	1000	500	1000|800|700|600|500|400	500|400|300|200|100|0	0|0|0|0|0|0	0|0|0|0|0|0|0	0|0|3500|4400|10000
1108	海龙龙穴（硬盒）	3000	600	1000	500	1000|800|700|600|500|400	500|400|300|200|100|0	0|0|0|0|0|0	0|0|0|0|0|0|0	0|0|3500|4400|10000
1110	绿龙龙穴第一关	3000	300	1000	500	1000|800|700|600|500|400	500|400|300|200|100|0	0|0|0|0|0|0	0|0|0|0|0|0|0	0|0|3500|4400|10000
1111	绿龙龙穴第二关	3000	300	1000	500	1000|800|700|600|500|400	500|400|300|200|100|0	0|0|0|0|0|0	0|0|0|0|0|0|0	0|0|3500|4400|10000
1112	绿龙龙穴第三关	3000	300	1000	500	1000|800|700|600|500|400	500|400|300|200|100|0	0|0|0|0|0|0	0|0|0|0|0|0|0	0|0|3500|4400|10000
1113	绿龙龙穴第四关	3000	300	1000	500	1000|800|700|600|500|400	500|400|300|200|100|0	0|0|0|0|0|0	0|0|0|0|0|0|0	0|0|3500|4400|10000
1114	绿龙龙穴第五关	3000	300	1000	500	1000|800|700|600|500|400	500|400|300|200|100|0	0|0|0|0|0|0	0|0|0|0|0|0|0	0|0|3500|4400|10000
1115	绿龙龙穴第六关	3000	600	1000	500	1000|800|700|600|500|400	500|400|300|200|100|0	0|0|0|0|0|0	0|0|0|0|0|0|0	0|0|3500|4400|10000
1116	绿龙龙穴（硬盒）	3000	300	1000	500	1000|800|700|600|500|400	500|400|300|200|100|0	0|0|0|0|0|0	0|0|0|0|0|0|0	0|0|3500|4400|10000
1118	绿龙龙穴（硬盒）	3000	600	1000	500	1000|800|700|600|500|400	500|400|300|200|100|0	0|0|0|0|0|0	0|0|0|0|0|0|0	0|0|3500|4400|10000
1120	沙龙龙穴第一关	3000	300	1000	500	1000|800|700|600|500|400	500|400|300|200|100|0	0|0|0|0|0|0	0|0|0|0|0|0|0	0|0|3500|4400|10000
1121	沙龙龙穴第二关	3000	300	1000	500	1000|800|700|600|500|400	500|400|300|200|100|0	0|0|0|0|0|0	0|0|0|0|0|0|0	0|0|3500|4400|10000
1122	沙龙龙穴第三关	3000	300	1000	500	1000|800|700|600|500|400	500|400|300|200|100|0	0|0|0|0|0|0	0|0|0|0|0|0|0	0|0|3500|4400|10000
1123	沙龙龙穴第四关	3000	300	1000	500	1000|800|700|600|500|400	500|400|300|200|100|0	0|0|0|0|0|0	0|0|0|0|0|0|0	0|0|3500|4400|10000
1124	沙龙龙穴第五关	3000	300	1000	500	1000|800|700|600|500|400	500|400|300|200|100|0	0|0|0|0|0|0	0|0|0|0|0|0|0	0|0|3500|4400|10000
1125	沙龙龙穴第六关	3000	600	1000	500	1000|800|700|600|500|400	500|400|300|200|100|0	0|0|0|0|0|0	0|0|0|0|0|0|0	0|0|3500|4400|10000
1126	沙龙龙穴（硬盒）	3000	300	1000	500	1000|800|700|600|500|400	500|400|300|200|100|0	0|0|0|0|0|0	0|0|0|0|0|0|0	0|0|3500|4400|10000
1128	沙龙龙穴（硬盒）	3000	600	1000	500	1000|800|700|600|500|400	500|400|300|200|100|0	0|0|0|0|0|0	0|0|0|0|0|0|0	0|0|3500|4400|10000
1130	黑龙龙穴第一关	3000	300	1000	500	1000|800|700|600|500|400	500|400|300|200|100|0	0|0|0|0|0|0	0|0|0|0|0|0|0	0|0|3500|4400|10000
1131	黑龙龙穴第二关	3000	300	1000	500	1000|800|700|600|500|400	500|400|300|200|100|0	0|0|0|0|0|0	0|0|0|0|0|0|0	0|0|3500|4400|10000
1132	黑龙龙穴第三关	3000	300	1000	500	1000|800|700|600|500|400	500|400|300|200|100|0	0|0|0|0|0|0	0|0|0|0|0|0|0	0|0|3500|4400|10000
1133	黑龙龙穴第四关	3000	300	1000	500	1000|800|700|600|500|400	500|400|300|200|100|0	0|0|0|0|0|0	0|0|0|0|0|0|0	0|0|3500|4400|10000
1134	黑龙龙穴第五关	3000	300	1000	500	1000|800|700|600|500|400	500|400|300|200|100|0	0|0|0|0|0|0	0|0|0|0|0|0|0	0|0|3500|4400|10000
1135	黑龙龙穴第六关	3000	600	1000	500	1000|800|700|600|500|400	500|400|300|200|100|0	0|0|0|0|0|0	0|0|0|0|0|0|0	0|0|3500|4400|10000
1301	海龙龙穴part1（竞技）	3000	600	1000	500	1000|800|700|600|500|400	500|400|300|200|100|0	0|0|0|0|0|0	0|0|0|0|0|0|0	0|0|3500|4400|10000
1303	海龙龙穴part2（竞技）	3000	600	1000	500	1000|800|700|600|500|400	500|400|300|200|100|0	0|0|0|0|0|0	0|0|0|0|0|0|0	0|0|3500|4400|10000
1305	海龙龙穴part3（竞技）	3000	600	1000	500	1000|800|700|600|500|400	500|400|300|200|100|0	0|0|0|0|0|0	0|0|0|0|0|0|0	0|0|3500|4400|10000
1311	绿龙龙穴part1（竞技）	3000	600	1000	500	1000|800|700|600|500|400	500|400|300|200|100|0	0|0|0|0|0|0	0|0|0|0|0|0|0	0|0|3500|4400|10000
1313	绿龙龙穴part2（竞技）	3000	600	1000	500	1000|800|700|600|500|400	500|400|300|200|100|0	0|0|0|0|0|0	0|0|0|0|0|0|0	0|0|3500|4400|10000
1315	绿龙龙穴part3（竞技）	3000	600	1000	500	1000|800|700|600|500|400	500|400|300|200|100|0	0|0|0|0|0|0	0|0|0|0|0|0|0	0|0|3500|4400|10000
1325	沙龙龙穴(沙龙之殇)	3000	3600	1000	500	1000|800|700|600|500|400	500|400|300|200|100|0	0|0|0|0|0|0	0|0|0|0|0|0|0	0|0|0|0|0
1140	红龙龙穴第一关	3000	300	1000	500	1000|800|700|600|500|400	500|400|300|200|100|0	0|0|0|0|0|0	0|0|0|0|0|0|0	0|0|3500|4400|10000
1141	红龙龙穴第二关	3000	300	1000	500	1000|800|700|600|500|400	500|400|300|200|100|0	0|0|0|0|0|0	0|0|0|0|0|0|0	0|0|3500|4400|10000
1142	红龙龙穴第三关	3000	300	1000	500	1000|800|700|600|500|400	500|400|300|200|100|0	0|0|0|0|0|0	0|0|0|0|0|0|0	0|0|3500|4400|10000
1143	红龙龙穴第四关	3000	300	1000	500	1000|800|700|600|500|400	500|400|300|200|100|0	0|0|0|0|0|0	0|0|0|0|0|0|0	0|0|3500|4400|10000
1144	红龙龙穴第五关	3000	300	1000	500	1000|800|700|600|500|400	500|400|300|200|100|0	0|0|0|0|0|0	0|0|0|0|0|0|0	0|0|3500|4400|10000
1145	红龙龙穴第六关	3000	600	1000	500	1000|800|700|600|500|400	500|400|300|200|100|0	0|0|0|0|0|0	0|0|0|0|0|0|0	0|0|3500|4400|10000
1150	冰龙龙穴第一关	3000	300	1000	500	1000|800|700|600|500|400	500|400|300|200|100|0	0|0|0|0|0|0	0|0|0|0|0|0|0	0|0|3500|4400|10000
1151	冰龙龙穴第二关	3000	300	1000	500	1000|800|700|600|500|400	500|400|300|200|100|0	0|0|0|0|0|0	0|0|0|0|0|0|0	0|0|3500|4400|10000
1152	冰龙龙穴第三关	3000	300	1000	500	1000|800|700|600|500|400	500|400|300|200|100|0	0|0|0|0|0|0	0|0|0|0|0|0|0	0|0|3500|4400|10000
1153	冰龙龙穴第四关	3000	300	1000	500	1000|800|700|600|500|400	500|400|300|200|100|0	0|0|0|0|0|0	0|0|0|0|0|0|0	0|0|3500|4400|10000
1154	冰龙龙穴第五关	3000	300	1000	500	1000|800|700|600|500|400	500|400|300|200|100|0	0|0|0|0|0|0	0|0|0|0|0|0|0	0|0|3500|4400|10000
1155	冰龙龙穴第六关	3000	600	1000	500	1000|800|700|600|500|400	500|400|300|200|100|0	0|0|0|0|0|0	0|0|0|0|0|0|0	0|0|3500|4400|10000
1500	梅莫里亚海龙1	3000	300	1000	500	1000|800|700|600|500|400	500|400|300|200|100|0	0|0|0|0|0|0	0|0|0|0|0|0|0	0|0|3500|4400|10000
1501	梅莫里亚海龙2	3000	300	1000	500	1000|800|700|600|500|400	500|400|300|200|100|0	0|0|0|0|0|0	0|0|0|0|0|0|0	0|0|3500|4400|10000
1502	梅莫里亚海龙3	3000	300	1000	500	1000|800|700|600|500|400	500|400|300|200|100|0	0|0|0|0|0|0	0|0|0|0|0|0|0	0|0|3500|4400|10000
1503	梅莫里亚海龙4	3000	300	1000	500	1000|800|700|600|500|400	500|400|300|200|100|0	0|0|0|0|0|0	0|0|0|0|0|0|0	0|0|3500|4400|10000
1504	梅莫里亚海龙5	3000	300	1000	500	1000|800|700|600|500|400	500|400|300|200|100|0	0|0|0|0|0|0	0|0|0|0|0|0|0	0|0|3500|4400|10000
1505	梅莫里亚海龙6	3000	600	1000	500	1000|800|700|600|500|400	500|400|300|200|100|0	0|0|0|0|0|0	0|0|0|0|0|0|0	0|0|3500|4400|10000
1510	梅莫里亚绿龙1	3000	300	1000	500	1000|800|700|600|500|400	500|400|300|200|100|0	0|0|0|0|0|0	0|0|0|0|0|0|0	0|0|3500|4400|10000
1511	梅莫里亚绿龙2	3000	300	1000	500	1000|800|700|600|500|400	500|400|300|200|100|0	0|0|0|0|0|0	0|0|0|0|0|0|0	0|0|3500|4400|10000
1512	梅莫里亚绿龙3	3000	300	1000	500	1000|800|700|600|500|400	500|400|300|200|100|0	0|0|0|0|0|0	0|0|0|0|0|0|0	0|0|3500|4400|10000
1513	梅莫里亚绿龙4	3000	300	1000	500	1000|800|700|600|500|400	500|400|300|200|100|0	0|0|0|0|0|0	0|0|0|0|0|0|0	0|0|3500|4400|10000
1514	梅莫里亚绿龙5	3000	300	1000	500	1000|800|700|600|500|400	500|400|300|200|100|0	0|0|0|0|0|0	0|0|0|0|0|0|0	0|0|3500|4400|10000
1515	梅莫里亚绿龙6	3000	600	1000	500	1000|800|700|600|500|400	500|400|300|200|100|0	0|0|0|0|0|0	0|0|0|0|0|0|0	0|0|3500|4400|10000
1520	梅莫里亚沙龙1	3000	300	1000	500	1000|800|700|600|500|400	500|400|300|200|100|0	0|0|0|0|0|0	0|0|0|0|0|0|0	0|0|3500|4400|10000
1521	梅莫里亚沙龙2	3000	300	1000	500	1000|800|700|600|500|400	500|400|300|200|100|0	0|0|0|0|0|0	0|0|0|0|0|0|0	0|0|3500|4400|10000
1522	梅莫里亚沙龙3	3000	300	1000	500	1000|800|700|600|500|400	500|400|300|200|100|0	0|0|0|0|0|0	0|0|0|0|0|0|0	0|0|3500|4400|10000
1523	梅莫里亚沙龙4	3000	300	1000	500	1000|800|700|600|500|400	500|400|300|200|100|0	0|0|0|0|0|0	0|0|0|0|0|0|0	0|0|3500|4400|10000
1524	梅莫里亚沙龙5	3000	300	1000	500	1000|800|700|600|500|400	500|400|300|200|100|0	0|0|0|0|0|0	0|0|0|0|0|0|0	0|0|3500|4400|10000
1525	梅莫里亚沙龙6	3000	600	1000	500	1000|800|700|600|500|400	500|400|300|200|100|0	0|0|0|0|0|0	0|0|0|0|0|0|0	0|0|3500|4400|10000
1530	梅莫里亚黑龙1	3000	300	1000	500	1000|800|700|600|500|400	500|400|300|200|100|0	0|0|0|0|0|0	0|0|0|0|0|0|0	0|0|3500|4400|10000
1531	梅莫里亚黑龙2	3000	300	1000	500	1000|800|700|600|500|400	500|400|300|200|100|0	0|0|0|0|0|0	0|0|0|0|0|0|0	0|0|3500|4400|10000
1532	梅莫里亚黑龙3	3000	300	1000	500	1000|800|700|600|500|400	500|400|300|200|100|0	0|0|0|0|0|0	0|0|0|0|0|0|0	0|0|3500|4400|10000
1533	梅莫里亚黑龙4	3000	300	1000	500	1000|800|700|600|500|400	500|400|300|200|100|0	0|0|0|0|0|0	0|0|0|0|0|0|0	0|0|3500|4400|10000
1534	梅莫里亚黑龙5	3000	300	1000	500	1000|800|700|600|500|400	500|400|300|200|100|0	0|0|0|0|0|0	0|0|0|0|0|0|0	0|0|3500|4400|10000
1535	梅莫里亚黑龙6	3000	600	1000	500	1000|800|700|600|500|400	500|400|300|200|100|0	0|0|0|0|0|0	0|0|0|0|0|0|0	0|0|3500|4400|10000
2001	星级巢穴-地狱犬1	3000	300	1000	0	1000|800|700|600|500|400	500|400|300|200|100|0	0|0|0|0|0|0	0|0|0|0|0|0|0	0|0|1|2|3
2002	星级巢穴-地狱犬2	3000	300	1000	0	1000|800|700|600|500|400	500|400|300|200|100|0	0|0|0|0|0|0	0|0|0|0|0|0|0	0|0|1|2|3
2003	星级巢穴-地狱犬3	3000	300	1000	0	1000|800|700|600|500|400	500|400|300|200|100|0	0|0|0|0|0|0	0|0|0|0|0|0|0	0|0|1|2|3
2004	星级巢穴-地狱犬4	3000	300	1000	0	1000|800|700|600|500|400	500|400|300|200|100|0	0|0|0|0|0|0	0|0|0|0|0|0|0	0|0|1|2|3
2005	星级巢穴-地狱犬5	3000	300	1000	0	1000|800|700|600|500|400	500|400|300|200|100|0	0|0|0|0|0|0	0|0|0|0|0|0|0	0|0|1|2|3
2006	星级巢穴-地狱犬6	3000	300	1000	0	1000|800|700|600|500|400	500|400|300|200|100|0	0|0|0|0|0|0	0|0|0|0|0|0|0	0|0|1|2|3
2007	星级巢穴-地狱犬7	3000	300	1000	0	1000|800|700|600|500|400	500|400|300|200|100|0	0|0|0|0|0|0	0|0|0|0|0|0|0	0|0|1|2|3
2008	星级巢穴-地狱犬8	3000	300	1000	0	1000|800|700|600|500|400	500|400|300|200|100|0	0|0|0|0|0|0	0|0|0|0|0|0|0	0|0|1|2|3
2009	星级巢穴-地狱犬9	3000	300	1000	0	1000|800|700|600|500|400	500|400|300|200|100|0	0|0|0|0|0|0	0|0|0|0|0|0|0	0|0|1|2|3
2011	星级巢穴-狮蝎1	3000	420	1000	0	1000|800|700|600|500|400	500|400|300|200|100|0	0|0|0|0|0|0	0|0|0|0|0|0|0	0|0|1|2|3
2012	星级巢穴-狮蝎2	3000	420	1000	0	1000|800|700|600|500|400	500|400|300|200|100|0	0|0|0|0|0|0	0|0|0|0|0|0|0	0|0|1|2|3
2013	星级巢穴-狮蝎3	3000	420	1000	0	1000|800|700|600|500|400	500|400|300|200|100|0	0|0|0|0|0|0	0|0|0|0|0|0|0	0|0|1|2|3
2014	星级巢穴-狮蝎4	3000	420	1000	0	1000|800|700|600|500|400	500|400|300|200|100|0	0|0|0|0|0|0	0|0|0|0|0|0|0	0|0|1|2|3
2015	星级巢穴-狮蝎5	3000	420	1000	0	1000|800|700|600|500|400	500|400|300|200|100|0	0|0|0|0|0|0	0|0|0|0|0|0|0	0|0|1|2|3
2016	星级巢穴-狮蝎6	3000	420	1000	0	1000|800|700|600|500|400	500|400|300|200|100|0	0|0|0|0|0|0	0|0|0|0|0|0|0	0|0|1|2|3
2017	星级巢穴-狮蝎7	3000	420	1000	0	1000|800|700|600|500|400	500|400|300|200|100|0	0|0|0|0|0|0	0|0|0|0|0|0|0	0|0|1|2|3
2018	星级巢穴-狮蝎8	3000	420	1000	0	1000|800|700|600|500|400	500|400|300|200|100|0	0|0|0|0|0|0	0|0|0|0|0|0|0	0|0|1|2|3
2019	星级巢穴-狮蝎9	3000	420	1000	0	1000|800|700|600|500|400	500|400|300|200|100|0	0|0|0|0|0|0	0|0|0|0|0|0|0	0|0|1|2|3
2021	星级巢穴-天启1	3000	420	1000	0	1000|800|700|600|500|400	500|400|300|200|100|0	0|0|0|0|0|0	0|0|0|0|0|0|0	0|0|1|2|3
2022	星级巢穴-天启2	3000	420	1000	0	1000|800|700|600|500|400	500|400|300|200|100|0	0|0|0|0|0|0	0|0|0|0|0|0|0	0|0|1|2|3
2023	星级巢穴-天启3	3000	420	1000	0	1000|800|700|600|500|400	500|400|300|200|100|0	0|0|0|0|0|0	0|0|0|0|0|0|0	0|0|1|2|3
2024	星级巢穴-天启4	3000	420	1000	0	1000|800|700|600|500|400	500|400|300|200|100|0	0|0|0|0|0|0	0|0|0|0|0|0|0	0|0|1|2|3
2025	星级巢穴-天启5	3000	420	1000	0	1000|800|700|600|500|400	500|400|300|200|100|0	0|0|0|0|0|0	0|0|0|0|0|0|0	0|0|1|2|3
2026	星级巢穴-天启6	3000	420	1000	0	1000|800|700|600|500|400	500|400|300|200|100|0	0|0|0|0|0|0	0|0|0|0|0|0|0	0|0|1|2|3
2027	星级巢穴-天启7	3000	420	1000	0	1000|800|700|600|500|400	500|400|300|200|100|0	0|0|0|0|0|0	0|0|0|0|0|0|0	0|0|1|2|3
2028	星级巢穴-天启8	3000	420	1000	0	1000|800|700|600|500|400	500|400|300|200|100|0	0|0|0|0|0|0	0|0|0|0|0|0|0	0|0|1|2|3
2029	星级巢穴-天启9	3000	420	1000	0	1000|800|700|600|500|400	500|400|300|200|100|0	0|0|0|0|0|0	0|0|0|0|0|0|0	0|0|1|2|3
2031	星级巢穴-大主教1	3000	420	1000	0	1000|800|700|600|500|400	500|400|300|200|100|0	0|0|0|0|0|0	0|0|0|0|0|0|0	0|0|1|2|3
2032	星级巢穴-大主教2	3000	420	1000	0	1000|800|700|600|500|400	500|400|300|200|100|0	0|0|0|0|0|0	0|0|0|0|0|0|0	0|0|1|2|3
2033	星级巢穴-大主教3	3000	420	1000	0	1000|800|700|600|500|400	500|400|300|200|100|0	0|0|0|0|0|0	0|0|0|0|0|0|0	0|0|1|2|3
2034	星级巢穴-大主教4	3000	420	1000	0	1000|800|700|600|500|400	500|400|300|200|100|0	0|0|0|0|0|0	0|0|0|0|0|0|0	0|0|1|2|3
2035	星级巢穴-大主教5	3000	420	1000	0	1000|800|700|600|500|400	500|400|300|200|100|0	0|0|0|0|0|0	0|0|0|0|0|0|0	0|0|1|2|3
2036	星级巢穴-大主教6	3000	420	1000	0	1000|800|700|600|500|400	500|400|300|200|100|0	0|0|0|0|0|0	0|0|0|0|0|0|0	0|0|1|2|3
2037	星级巢穴-大主教7	3000	420	1000	0	1000|800|700|600|500|400	500|400|300|200|100|0	0|0|0|0|0|0	0|0|0|0|0|0|0	0|0|1|2|3
2038	星级巢穴-大主教8	3000	420	1000	0	1000|800|700|600|500|400	500|400|300|200|100|0	0|0|0|0|0|0	0|0|0|0|0|0|0	0|0|1|2|3
2039	星级巢穴-大主教9	3000	420	1000	0	1000|800|700|600|500|400	500|400|300|200|100|0	0|0|0|0|0|0	0|0|0|0|0|0|0	0|0|1|2|3
2041	星级巢穴-巨人1	3000	420	1000	0	1000|800|700|600|500|400	500|400|300|200|100|0	0|0|0|0|0|0	0|0|0|0|0|0|0	0|0|1|2|3
2042	星级巢穴-巨人2	3000	420	1000	0	1000|800|700|600|500|400	500|400|300|200|100|0	0|0|0|0|0|0	0|0|0|0|0|0|0	0|0|1|2|3
2043	星级巢穴-巨人3	3000	420	1000	0	1000|800|700|600|500|400	500|400|300|200|100|0	0|0|0|0|0|0	0|0|0|0|0|0|0	0|0|1|2|3
2044	星级巢穴-巨人4	3000	420	1000	0	1000|800|700|600|500|400	500|400|300|200|100|0	0|0|0|0|0|0	0|0|0|0|0|0|0	0|0|1|2|3
2045	星级巢穴-巨人5	3000	420	1000	0	1000|800|700|600|500|400	500|400|300|200|100|0	0|0|0|0|0|0	0|0|0|0|0|0|0	0|0|1|2|3
2046	星级巢穴-巨人6	3000	420	1000	0	1000|800|700|600|500|400	500|400|300|200|100|0	0|0|0|0|0|0	0|0|0|0|0|0|0	0|0|1|2|3
2047	星级巢穴-巨人7	3000	420	1000	0	1000|800|700|600|500|400	500|400|300|200|100|0	0|0|0|0|0|0	0|0|0|0|0|0|0	0|0|1|2|3
2048	星级巢穴-巨人8	3000	420	1000	0	1000|800|700|600|500|400	500|400|300|200|100|0	0|0|0|0|0|0	0|0|0|0|0|0|0	0|0|1|2|3
2049	星级巢穴-巨人9	3000	420	1000	0	1000|800|700|600|500|400	500|400|300|200|100|0	0|0|0|0|0|0	0|0|0|0|0|0|0	0|0|1|2|3
2051	台风金巢穴二星	3000	420	1000	0	1000|800|700|600|500|400	500|400|300|200|100|0	0|0|0|0|0|0	0|0|0|0|0|0|0	0|0|1|2|3
2052	台风金巢穴三星	3000	420	1000	0	1000|800|700|600|500|400	500|400|300|200|100|0	0|0|0|0|0|0	0|0|0|0|0|0|0	0|0|1|2|3
2053	台风金巢穴四星	3000	420	1000	0	1000|800|700|600|500|400	500|400|300|200|100|0	0|0|0|0|0|0	0|0|0|0|0|0|0	0|0|1|2|3
2054	台风金巢穴五星	3000	420	1000	0	1000|800|700|600|500|400	500|400|300|200|100|0	0|0|0|0|0|0	0|0|0|0|0|0|0	0|0|1|2|3
2055	台风金巢穴六星	3000	420	1000	0	1000|800|700|600|500|400	500|400|300|200|100|0	0|0|0|0|0|0	0|0|0|0|0|0|0	0|0|1|2|3
2056	台风金巢穴七星	3000	420	1000	0	1000|800|700|600|500|400	500|400|300|200|100|0	0|0|0|0|0|0	0|0|0|0|0|0|0	0|0|1|2|3
2057	台风金巢穴八星	3000	420	1000	0	1000|800|700|600|500|400	500|400|300|200|100|0	0|0|0|0|0|0	0|0|0|0|0|0|0	0|0|1|2|3
2058	台风金巢穴九星	3000	420	1000	0	1000|800|700|600|500|400	500|400|300|200|100|0	0|0|0|0|0|0	0|0|0|0|0|0|0	0|0|1|2|3
2059	台风金巢穴十星	3000	420	1000	0	1000|800|700|600|500|400	500|400|300|200|100|0	0|0|0|0|0|0	0|0|0|0|0|0|0	0|0|1|2|3
2061	K博士巢穴二星	3000	420	1000	0	1000|800|700|600|500|400	500|400|300|200|100|0	0|0|0|0|0|0	0|0|0|0|0|0|0	0|0|1|2|3
2062	K博士巢穴三星	3000	420	1000	0	1000|800|700|600|500|400	500|400|300|200|100|0	0|0|0|0|0|0	0|0|0|0|0|0|0	0|0|1|2|3
2063	K博士巢穴四星	3000	420	1000	0	1000|800|700|600|500|400	500|400|300|200|100|0	0|0|0|0|0|0	0|0|0|0|0|0|0	0|0|1|2|3
2064	K博士巢穴五星	3000	420	1000	0	1000|800|700|600|500|400	500|400|300|200|100|0	0|0|0|0|0|0	0|0|0|0|0|0|0	0|0|1|2|3
2065	K博士巢穴六星	3000	420	1000	0	1000|800|700|600|500|400	500|400|300|200|100|0	0|0|0|0|0|0	0|0|0|0|0|0|0	0|0|1|2|3
2066	K博士巢穴七星	3000	420	1000	0	1000|800|700|600|500|400	500|400|300|200|100|0	0|0|0|0|0|0	0|0|0|0|0|0|0	0|0|1|2|3
2067	K博士巢穴八星	3000	420	1000	0	1000|800|700|600|500|400	500|400|300|200|100|0	0|0|0|0|0|0	0|0|0|0|0|0|0	0|0|1|2|3
2068	K博士巢穴九星	3000	420	1000	0	1000|800|700|600|500|400	500|400|300|200|100|0	0|0|0|0|0|0	0|0|0|0|0|0|0	0|0|1|2|3
2069	K博士巢穴十星	3000	420	1000	0	1000|800|700|600|500|400	500|400|300|200|100|0	0|0|0|0|0|0	0|0|0|0|0|0|0	0|0|1|2|3
2071	守护者巢穴二星	3000	420	1000	0	1000|800|700|600|500|400	500|400|300|200|100|0	0|0|0|0|0|0	0|0|0|0|0|0|0	0|0|1|2|3
2072	守护者巢穴三星	3000	420	1000	0	1000|800|700|600|500|400	500|400|300|200|100|0	0|0|0|0|0|0	0|0|0|0|0|0|0	0|0|1|2|3
2073	守护者巢穴四星	3000	420	1000	0	1000|800|700|600|500|400	500|400|300|200|100|0	0|0|0|0|0|0	0|0|0|0|0|0|0	0|0|1|2|3
2074	守护者巢穴五星	3000	420	1000	0	1000|800|700|600|500|400	500|400|300|200|100|0	0|0|0|0|0|0	0|0|0|0|0|0|0	0|0|1|2|3
2075	守护者巢穴六星	3000	420	1000	0	1000|800|700|600|500|400	500|400|300|200|100|0	0|0|0|0|0|0	0|0|0|0|0|0|0	0|0|1|2|3
2076	守护者巢穴七星	3000	420	1000	0	1000|800|700|600|500|400	500|400|300|200|100|0	0|0|0|0|0|0	0|0|0|0|0|0|0	0|0|1|2|3
2077	守护者巢穴八星	3000	420	1000	0	1000|800|700|600|500|400	500|400|300|200|100|0	0|0|0|0|0|0	0|0|0|0|0|0|0	0|0|1|2|3
2078	守护者巢穴九星	3000	420	1000	0	1000|800|700|600|500|400	500|400|300|200|100|0	0|0|0|0|0|0	0|0|0|0|0|0|0	0|0|1|2|3
2079	守护者巢穴十星	3000	420	1000	0	1000|800|700|600|500|400	500|400|300|200|100|0	0|0|0|0|0|0	0|0|0|0|0|0|0	0|0|1|2|3
2081	迷雾巢穴二星	3000	420	1000	0	1000|800|700|600|500|400	500|400|300|200|100|0	0|0|0|0|0|0	0|0|0|0|0|0|0	0|0|1|2|3
2082	迷雾巢穴三星	3000	420	1000	0	1000|800|700|600|500|400	500|400|300|200|100|0	0|0|0|0|0|0	0|0|0|0|0|0|0	0|0|1|2|3
2083	迷雾巢穴四星	3000	420	1000	0	1000|800|700|600|500|400	500|400|300|200|100|0	0|0|0|0|0|0	0|0|0|0|0|0|0	0|0|1|2|3
2084	迷雾巢穴五星	3000	420	1000	0	1000|800|700|600|500|400	500|400|300|200|100|0	0|0|0|0|0|0	0|0|0|0|0|0|0	0|0|1|2|3
2085	迷雾巢穴六星	3000	420	1000	0	1000|800|700|600|500|400	500|400|300|200|100|0	0|0|0|0|0|0	0|0|0|0|0|0|0	0|0|1|2|3
2086	迷雾巢穴七星	3000	420	1000	0	1000|800|700|600|500|400	500|400|300|200|100|0	0|0|0|0|0|0	0|0|0|0|0|0|0	0|0|1|2|3
2087	迷雾巢穴八星	3000	420	1000	0	1000|800|700|600|500|400	500|400|300|200|100|0	0|0|0|0|0|0	0|0|0|0|0|0|0	0|0|1|2|3
2088	迷雾巢穴九星	3000	420	1000	0	1000|800|700|600|500|400	500|400|300|200|100|0	0|0|0|0|0|0	0|0|0|0|0|0|0	0|0|1|2|3
2089	迷雾巢穴十星	3000	420	1000	0	1000|800|700|600|500|400	500|400|300|200|100|0	0|0|0|0|0|0	0|0|0|0|0|0|0	0|0|1|2|3
7000	火山巢穴-简单	3000	300	1000	500	1000|800|700|600|500|400	500|400|300|200|100|0	0|0|0|0|0|0	0|0|0|0|0|0|0	0|0|3500|4400|10000
7001	火山巢穴-普通	3000	360	1000	500	1000|800|700|600|500|400	500|400|300|200|100|0	0|0|0|0|0|0	0|0|0|0|0|0|0	0|0|3500|4400|10000
7002	火山巢穴-困难	3000	420	1000	500	1000|800|700|600|500|400	500|400|300|200|100|0	0|0|0|0|0|0	0|0|0|0|0|0|0	0|0|3500|4400|10000
7003	火山巢穴-地狱一星	3000	420	1000	0	1000|800|700|600|500|400	500|400|300|200|100|0	0|0|0|0|0|0	0|0|0|0|0|0|0	0|0|1|2|3
7004	火山巢穴二星	3000	420	1000	0	1000|800|700|600|500|400	500|400|300|200|100|0	0|0|0|0|0|0	0|0|0|0|0|0|0	0|0|1|2|3
7005	火山巢穴三星	3000	420	1000	0	1000|800|700|600|500|400	500|400|300|200|100|0	0|0|0|0|0|0	0|0|0|0|0|0|0	0|0|1|2|3
7006	火山巢穴四星	3000	420	1000	0	1000|800|700|600|500|400	500|400|300|200|100|0	0|0|0|0|0|0	0|0|0|0|0|0|0	0|0|1|2|3
7007	火山巢穴五星	3000	420	1000	0	1000|800|700|600|500|400	500|400|300|200|100|0	0|0|0|0|0|0	0|0|0|0|0|0|0	0|0|1|2|3
7008	火山巢穴六星	3000	420	1000	0	1000|800|700|600|500|400	500|400|300|200|100|0	0|0|0|0|0|0	0|0|0|0|0|0|0	0|0|1|2|3
7009	火山巢穴七星	3000	420	1000	0	1000|800|700|600|500|400	500|400|300|200|100|0	0|0|0|0|0|0	0|0|0|0|0|0|0	0|0|1|2|3
7010	火山巢穴八星	3000	420	1000	0	1000|800|700|600|500|400	500|400|300|200|100|0	0|0|0|0|0|0	0|0|0|0|0|0|0	0|0|1|2|3
7011	火山巢穴九星	3000	420	1000	0	1000|800|700|600|500|400	500|400|300|200|100|0	0|0|0|0|0|0	0|0|0|0|0|0|0	0|0|1|2|3
7012	火山巢穴十星	3000	420	1000	0	1000|800|700|600|500|400	500|400|300|200|100|0	0|0|0|0|0|0	0|0|0|0|0|0|0	0|0|1|2|3
8000	【远古巢穴】地狱犬-普通	3000	300	1000	500	1000|800|700|600|500|400	500|400|300|200|100|0	0|0|0|0|0|0	0|0|0|0|0|0|0	0|0|3500|4400|10000
8001	【远古巢穴】地狱犬-困难	3000	360	1000	500	1000|800|700|600|500|400	500|400|300|200|100|0	0|0|0|0|0|0	0|0|0|0|0|0|0	0|0|3500|4400|10000
8002	【远古巢穴】地狱犬-英雄普通	3000	360	1000	500	1000|800|700|600|500|400	500|400|300|200|100|0	0|0|0|0|0|0	0|0|0|0|0|0|0	0|0|3500|4400|10000
8003	【远古巢穴】地狱犬-英雄困难	3000	420	1000	500	1000|800|700|600|500|400	500|400|300|200|100|0	0|0|0|0|0|0	0|0|0|0|0|0|0	0|0|3500|4400|10000
8004	【远古巢穴】狮蝎-普通	3000	300	1000	500	1000|800|700|600|500|400	500|400|300|200|100|0	0|0|0|0|0|0	0|0|0|0|0|0|0	0|0|3500|4400|10000
8005	【远古巢穴】狮蝎-困难	3000	360	1000	500	1000|800|700|600|500|400	500|400|300|200|100|0	0|0|0|0|0|0	0|0|0|0|0|0|0	0|0|3500|4400|10000
8006	【远古巢穴】狮蝎-英雄普通	3000	360	1000	500	1000|800|700|600|500|400	500|400|300|200|100|0	0|0|0|0|0|0	0|0|0|0|0|0|0	0|0|3500|4400|10000
8007	【远古巢穴】狮蝎-英雄困难	3000	420	1000	500	1000|800|700|600|500|400	500|400|300|200|100|0	0|0|0|0|0|0	0|0|0|0|0|0|0	0|0|3500|4400|10000
8008	【远古巢穴】天启-普通	3000	300	1000	500	1000|800|700|600|500|400	500|400|300|200|100|0	0|0|0|0|0|0	0|0|0|0|0|0|0	0|0|3500|4400|10000
8009	【远古巢穴】天启-困难	3000	360	1000	500	1000|800|700|600|500|400	500|400|300|200|100|0	0|0|0|0|0|0	0|0|0|0|0|0|0	0|0|3500|4400|10000
8010	【远古巢穴】天启-英雄普通	3000	360	1000	500	1000|800|700|600|500|400	500|400|300|200|100|0	0|0|0|0|0|0	0|0|0|0|0|0|0	0|0|3500|4400|10000
8011	【远古巢穴】天启-英雄困难	3000	420	1000	500	1000|800|700|600|500|400	500|400|300|200|100|0	0|0|0|0|0|0	0|0|0|0|0|0|0	0|0|3500|4400|10000
8012	【远古巢穴】大主教-普通	3000	300	1000	500	1000|800|700|600|500|400	500|400|300|200|100|0	0|0|0|0|0|0	0|0|0|0|0|0|0	0|0|3500|4400|10000
8013	【远古巢穴】大主教-困难	3000	360	1000	500	1000|800|700|600|500|400	500|400|300|200|100|0	0|0|0|0|0|0	0|0|0|0|0|0|0	0|0|3500|4400|10000
8014	【远古巢穴】大主教-英雄普通	3000	360	1000	500	1000|800|700|600|500|400	500|400|300|200|100|0	0|0|0|0|0|0	0|0|0|0|0|0|0	0|0|3500|4400|10000
8015	【远古巢穴】大主教-英雄困难	3000	420	1000	500	1000|800|700|600|500|400	500|400|300|200|100|0	0|0|0|0|0|0	0|0|0|0|0|0|0	0|0|3500|4400|10000
8016	【远古巢穴】巨人-普通	3000	300	1000	500	1000|800|700|600|500|400	500|400|300|200|100|0	0|0|0|0|0|0	0|0|0|0|0|0|0	0|0|3500|4400|10000
8017	【远古巢穴】巨人-困难	3000	360	1000	500	1000|800|700|600|500|400	500|400|300|200|100|0	0|0|0|0|0|0	0|0|0|0|0|0|0	0|0|3500|4400|10000
8018	【远古巢穴】巨人-英雄普通	3000	360	1000	500	1000|800|700|600|500|400	500|400|300|200|100|0	0|0|0|0|0|0	0|0|0|0|0|0|0	0|0|3500|4400|10000
8019	【远古巢穴】巨人-英雄困难	3000	420	1000	500	1000|800|700|600|500|400	500|400|300|200|100|0	0|0|0|0|0|0	0|0|0|0|0|0|0	0|0|3500|4400|10000
8020	【远古巢穴】台风金-普通	3000	300	1000	500	1000|800|700|600|500|400	500|400|300|200|100|0	0|0|0|0|0|0	0|0|0|0|0|0|0	0|0|3500|4400|10000
8021	【远古巢穴】台风金-困难	3000	360	1000	500	1000|800|700|600|500|400	500|400|300|200|100|0	0|0|0|0|0|0	0|0|0|0|0|0|0	0|0|3500|4400|10000
8022	【远古巢穴】台风金-英雄普通	3000	360	1000	500	1000|800|700|600|500|400	500|400|300|200|100|0	0|0|0|0|0|0	0|0|0|0|0|0|0	0|0|3500|4400|10000
8023	【远古巢穴】台风金-英雄困难	3000	420	1000	500	1000|800|700|600|500|400	500|400|300|200|100|0	0|0|0|0|0|0	0|0|0|0|0|0|0	0|0|3500|4400|10000
8024	【远古巢穴】守护者-普通	3000	300	1000	500	1000|800|700|600|500|400	500|400|300|200|100|0	0|0|0|0|0|0	0|0|0|0|0|0|0	0|0|3500|4400|10000
8025	【远古巢穴】守护者-困难	3000	360	1000	500	1000|800|700|600|500|400	500|400|300|200|100|0	0|0|0|0|0|0	0|0|0|0|0|0|0	0|0|3500|4400|10000
8026	【远古巢穴】守护者-英雄普通	3000	360	1000	500	1000|800|700|600|500|400	500|400|300|200|100|0	0|0|0|0|0|0	0|0|0|0|0|0|0	0|0|3500|4400|10000
8027	【远古巢穴】守护者-英雄困难	3000	420	1000	500	1000|800|700|600|500|400	500|400|300|200|100|0	0|0|0|0|0|0	0|0|0|0|0|0|0	0|0|3500|4400|10000
8030	【魔化巢穴】代达罗斯-简单	3000	300	1000	500	1000|800|700|600|500|400	500|400|300|200|100|0	0|0|0|0|0|0	0|0|0|0|0|0|0	0|0|3500|4400|10000
8031	【魔化巢穴】代达罗斯-困难	3000	360	1000	500	1000|800|700|600|500|400	500|400|300|200|100|0	0|0|0|0|0|0	0|0|0|0|0|0|0	0|0|3500|4400|10000
8032	【魔化巢穴】代达罗斯-悬赏简单	3000	360	1000	500	1000|800|700|600|500|400	500|400|300|200|100|0	0|0|0|0|0|0	0|0|0|0|0|0|0	0|0|3500|4400|10000
8033	【魔化巢穴】代达罗斯-悬赏困难	3000	420	1000	500	1000|800|700|600|500|400	500|400|300|200|100|0	0|0|0|0|0|0	0|0|0|0|0|0|0	0|0|3500|4400|10000
9000	海龙龙穴第一关	3000	300	1000	500	1000|800|700|600|500|400	500|400|300|200|100|0	0|0|0|0|0|0	0|0|0|0|0|0|0	0|0|3500|4400|10000
9001	海龙龙穴第二关	3000	300	1000	500	1000|800|700|600|500|400	500|400|300|200|100|0	0|0|0|0|0|0	0|0|0|0|0|0|0	0|0|3500|4400|10000
9002	海龙龙穴第三关	3000	300	1000	500	1000|800|700|600|500|400	500|400|300|200|100|0	0|0|0|0|0|0	0|0|0|0|0|0|0	0|0|3500|4400|10000
9003	海龙龙穴第四关	3000	300	1000	500	1000|800|700|600|500|400	500|400|300|200|100|0	0|0|0|0|0|0	0|0|0|0|0|0|0	0|0|3500|4400|10000
9004	海龙龙穴第五关	3000	300	1000	500	1000|800|700|600|500|400	500|400|300|200|100|0	0|0|0|0|0|0	0|0|0|0|0|0|0	0|0|3500|4400|10000
9005	海龙龙穴第六关	3000	600	1000	500	1000|800|700|600|500|400	500|400|300|200|100|0	0|0|0|0|0|0	0|0|0|0|0|0|0	0|0|3500|4400|10000
9006	绿龙龙穴第一关	3000	300	1000	500	1000|800|700|600|500|400	500|400|300|200|100|0	0|0|0|0|0|0	0|0|0|0|0|0|0	0|0|3500|4400|10000
9007	绿龙龙穴第二关	3000	300	1000	500	1000|800|700|600|500|400	500|400|300|200|100|0	0|0|0|0|0|0	0|0|0|0|0|0|0	0|0|3500|4400|10000
9008	绿龙龙穴第三关	3000	300	1000	500	1000|800|700|600|500|400	500|400|300|200|100|0	0|0|0|0|0|0	0|0|0|0|0|0|0	0|0|3500|4400|10000
9009	绿龙龙穴第四关	3000	300	1000	500	1000|800|700|600|500|400	500|400|300|200|100|0	0|0|0|0|0|0	0|0|0|0|0|0|0	0|0|3500|4400|10000
9010	绿龙龙穴第五关	3000	300	1000	500	1000|800|700|600|500|400	500|400|300|200|100|0	0|0|0|0|0|0	0|0|0|0|0|0|0	0|0|3500|4400|10000
9011	绿龙龙穴第六关	3000	600	1000	500	1000|800|700|600|500|400	500|400|300|200|100|0	0|0|0|0|0|0	0|0|0|0|0|0|0	0|0|3500|4400|10000
9012	沙漠龙龙穴第一关	3000	300	1000	500	1000|800|700|600|500|400	500|400|300|200|100|0	0|0|0|0|0|0	0|0|0|0|0|0|0	0|0|3500|4400|10000
9013	沙漠龙龙穴第二关	3000	300	1000	500	1000|800|700|600|500|400	500|400|300|200|100|0	0|0|0|0|0|0	0|0|0|0|0|0|0	0|0|3500|4400|10000
9014	沙漠龙龙穴第三关	3000	300	1000	500	1000|800|700|600|500|400	500|400|300|200|100|0	0|0|0|0|0|0	0|0|0|0|0|0|0	0|0|3500|4400|10000
9015	沙漠龙龙穴第四关	3000	300	1000	500	1000|800|700|600|500|400	500|400|300|200|100|0	0|0|0|0|0|0	0|0|0|0|0|0|0	0|0|3500|4400|10000
9016	沙漠龙龙穴第五关	3000	300	1000	500	1000|800|700|600|500|400	500|400|300|200|100|0	0|0|0|0|0|0	0|0|0|0|0|0|0	0|0|3500|4400|10000
9017	沙漠龙龙穴第六关	3000	600	1000	500	1000|800|700|600|500|400	500|400|300|200|100|0	0|0|0|0|0|0	0|0|0|0|0|0|0	0|0|3500|4400|10000
9018	黑龙龙穴第一关	3000	300	1000	500	1000|800|700|600|500|400	500|400|300|200|100|0	0|0|0|0|0|0	0|0|0|0|0|0|0	0|0|3500|4400|10000
9019	黑龙龙穴第二关	3000	300	1000	500	1000|800|700|600|500|400	500|400|300|200|100|0	0|0|0|0|0|0	0|0|0|0|0|0|0	0|0|3500|4400|10000
9020	黑龙龙穴第三关	3000	300	1000	500	1000|800|700|600|500|400	500|400|300|200|100|0	0|0|0|0|0|0	0|0|0|0|0|0|0	0|0|3500|4400|10000
9021	黑龙龙穴第四关	3000	300	1000	500	1000|800|700|600|500|400	500|400|300|200|100|0	0|0|0|0|0|0	0|0|0|0|0|0|0	0|0|3500|4400|10000
9022	黑龙龙穴第五关	3000	300	1000	500	1000|800|700|600|500|400	500|400|300|200|100|0	0|0|0|0|0|0	0|0|0|0|0|0|0	0|0|3500|4400|10000
9023	黑龙龙穴第六关	3000	600	1000	500	1000|800|700|600|500|400	500|400|300|200|100|0	0|0|0|0|0|0	0|0|0|0|0|0|0	0|0|3500|4400|10000
9024	海龙龙穴第一关	3000	300	1000	500	1000|800|700|600|500|400	500|400|300|200|100|0	0|0|0|0|0|0	0|0|0|0|0|0|0	0|0|3500|4400|10000
9025	海龙龙穴第二关	3000	300	1000	500	1000|800|700|600|500|400	500|400|300|200|100|0	0|0|0|0|0|0	0|0|0|0|0|0|0	0|0|3500|4400|10000
9026	海龙龙穴第三关	3000	300	1000	500	1000|800|700|600|500|400	500|400|300|200|100|0	0|0|0|0|0|0	0|0|0|0|0|0|0	0|0|3500|4400|10000
9027	海龙龙穴第四关	3000	300	1000	500	1000|800|700|600|500|400	500|400|300|200|100|0	0|0|0|0|0|0	0|0|0|0|0|0|0	0|0|3500|4400|10000
9028	海龙龙穴第五关	3000	300	1000	500	1000|800|700|600|500|400	500|400|300|200|100|0	0|0|0|0|0|0	0|0|0|0|0|0|0	0|0|3500|4400|10000
9029	海龙龙穴第六关	3000	600	1000	500	1000|800|700|600|500|400	500|400|300|200|100|0	0|0|0|0|0|0	0|0|0|0|0|0|0	0|0|3500|4400|10000
9030	绿龙龙穴第一关	3000	300	1000	500	1000|800|700|600|500|400	500|400|300|200|100|0	0|0|0|0|0|0	0|0|0|0|0|0|0	0|0|3500|4400|10000
9031	绿龙龙穴第二关	3000	300	1000	500	1000|800|700|600|500|400	500|400|300|200|100|0	0|0|0|0|0|0	0|0|0|0|0|0|0	0|0|3500|4400|10000
9032	绿龙龙穴第三关	3000	300	1000	500	1000|800|700|600|500|400	500|400|300|200|100|0	0|0|0|0|0|0	0|0|0|0|0|0|0	0|0|3500|4400|10000
9033	绿龙龙穴第四关	3000	300	1000	500	1000|800|700|600|500|400	500|400|300|200|100|0	0|0|0|0|0|0	0|0|0|0|0|0|0	0|0|3500|4400|10000
9034	绿龙龙穴第五关	3000	300	1000	500	1000|800|700|600|500|400	500|400|300|200|100|0	0|0|0|0|0|0	0|0|0|0|0|0|0	0|0|3500|4400|10000
9035	绿龙龙穴第六关	3000	600	1000	500	1000|800|700|600|500|400	500|400|300|200|100|0	0|0|0|0|0|0	0|0|0|0|0|0|0	0|0|3500|4400|10000
9036	沙漠龙龙穴第一关	3000	300	1000	500	1000|800|700|600|500|400	500|400|300|200|100|0	0|0|0|0|0|0	0|0|0|0|0|0|0	0|0|3500|4400|10000
9037	沙漠龙龙穴第二关	3000	300	1000	500	1000|800|700|600|500|400	500|400|300|200|100|0	0|0|0|0|0|0	0|0|0|0|0|0|0	0|0|3500|4400|10000
9038	沙漠龙龙穴第三关	3000	300	1000	500	1000|800|700|600|500|400	500|400|300|200|100|0	0|0|0|0|0|0	0|0|0|0|0|0|0	0|0|3500|4400|10000
9039	沙漠龙龙穴第四关	3000	300	1000	500	1000|800|700|600|500|400	500|400|300|200|100|0	0|0|0|0|0|0	0|0|0|0|0|0|0	0|0|3500|4400|10000
9040	沙漠龙龙穴第五关	3000	300	1000	500	1000|800|700|600|500|400	500|400|300|200|100|0	0|0|0|0|0|0	0|0|0|0|0|0|0	0|0|3500|4400|10000
9041	沙漠龙龙穴第六关	3000	600	1000	500	1000|800|700|600|500|400	500|400|300|200|100|0	0|0|0|0|0|0	0|0|0|0|0|0|0	0|0|3500|4400|10000
9042	黑龙龙穴第一关	3000	300	1000	500	1000|800|700|600|500|400	500|400|300|200|100|0	0|0|0|0|0|0	0|0|0|0|0|0|0	0|0|3500|4400|10000
9043	黑龙龙穴第二关	3000	300	1000	500	1000|800|700|600|500|400	500|400|300|200|100|0	0|0|0|0|0|0	0|0|0|0|0|0|0	0|0|3500|4400|10000
9044	黑龙龙穴第三关	3000	300	1000	500	1000|800|700|600|500|400	500|400|300|200|100|0	0|0|0|0|0|0	0|0|0|0|0|0|0	0|0|3500|4400|10000
9045	黑龙龙穴第四关	3000	300	1000	500	1000|800|700|600|500|400	500|400|300|200|100|0	0|0|0|0|0|0	0|0|0|0|0|0|0	0|0|3500|4400|10000
9046	黑龙龙穴第五关	3000	300	1000	500	1000|800|700|600|500|400	500|400|300|200|100|0	0|0|0|0|0|0	0|0|0|0|0|0|0	0|0|3500|4400|10000
9047	黑龙龙穴第六关	3000	600	1000	500	1000|800|700|600|500|400	500|400|300|200|100|0	0|0|0|0|0|0	0|0|0|0|0|0|0	0|0|3500|4400|10000
9048	红龙龙穴第一关	3000	300	1000	500	1000|800|700|600|500|400	500|400|300|200|100|0	0|0|0|0|0|0	0|0|0|0|0|0|0	0|0|3500|4400|10000
9049	红龙龙穴第二关	3000	300	1000	500	1000|800|700|600|500|400	500|400|300|200|100|0	0|0|0|0|0|0	0|0|0|0|0|0|0	0|0|3500|4400|10000
9050	红龙龙穴第三关	3000	300	1000	500	1000|800|700|600|500|400	500|400|300|200|100|0	0|0|0|0|0|0	0|0|0|0|0|0|0	0|0|3500|4400|10000
9051	红龙龙穴第四关	3000	300	1000	500	1000|800|700|600|500|400	500|400|300|200|100|0	0|0|0|0|0|0	0|0|0|0|0|0|0	0|0|3500|4400|10000
9052	红龙龙穴第五关	3000	300	1000	500	1000|800|700|600|500|400	500|400|300|200|100|0	0|0|0|0|0|0	0|0|0|0|0|0|0	0|0|3500|4400|10000
9053	红龙龙穴第六关	3000	600	1000	500	1000|800|700|600|500|400	500|400|300|200|100|0	0|0|0|0|0|0	0|0|0|0|0|0|0	0|0|3500|4400|10000
9054	海龙龙穴第一关	3000	300	1000	500	1000|800|700|600|500|400	500|400|300|200|100|0	0|0|0|0|0|0	0|0|0|0|0|0|0	0|0|3500|4400|10000
9055	海龙龙穴第二关	3000	300	1000	500	1000|800|700|600|500|400	500|400|300|200|100|0	0|0|0|0|0|0	0|0|0|0|0|0|0	0|0|3500|4400|10000
9056	海龙龙穴第三关	3000	300	1000	500	1000|800|700|600|500|400	500|400|300|200|100|0	0|0|0|0|0|0	0|0|0|0|0|0|0	0|0|3500|4400|10000
9057	海龙龙穴第四关	3000	300	1000	500	1000|800|700|600|500|400	500|400|300|200|100|0	0|0|0|0|0|0	0|0|0|0|0|0|0	0|0|3500|4400|10000
9058	海龙龙穴第五关	3000	300	1000	500	1000|800|700|600|500|400	500|400|300|200|100|0	0|0|0|0|0|0	0|0|0|0|0|0|0	0|0|3500|4400|10000
9059	海龙龙穴第六关	3000	600	1000	500	1000|800|700|600|500|400	500|400|300|200|100|0	0|0|0|0|0|0	0|0|0|0|0|0|0	0|0|3500|4400|10000
9060	绿龙龙穴第一关	3000	300	1000	500	1000|800|700|600|500|400	500|400|300|200|100|0	0|0|0|0|0|0	0|0|0|0|0|0|0	0|0|3500|4400|10000
9061	绿龙龙穴第二关	3000	300	1000	500	1000|800|700|600|500|400	500|400|300|200|100|0	0|0|0|0|0|0	0|0|0|0|0|0|0	0|0|3500|4400|10000
9062	绿龙龙穴第三关	3000	300	1000	500	1000|800|700|600|500|400	500|400|300|200|100|0	0|0|0|0|0|0	0|0|0|0|0|0|0	0|0|3500|4400|10000
9063	绿龙龙穴第四关	3000	300	1000	500	1000|800|700|600|500|400	500|400|300|200|100|0	0|0|0|0|0|0	0|0|0|0|0|0|0	0|0|3500|4400|10000
9064	绿龙龙穴第五关	3000	300	1000	500	1000|800|700|600|500|400	500|400|300|200|100|0	0|0|0|0|0|0	0|0|0|0|0|0|0	0|0|3500|4400|10000
9065	绿龙龙穴第六关	3000	600	1000	500	1000|800|700|600|500|400	500|400|300|200|100|0	0|0|0|0|0|0	0|0|0|0|0|0|0	0|0|3500|4400|10000
9066	沙漠龙龙穴第一关	3000	300	1000	500	1000|800|700|600|500|400	500|400|300|200|100|0	0|0|0|0|0|0	0|0|0|0|0|0|0	0|0|3500|4400|10000
9067	沙漠龙龙穴第二关	3000	300	1000	500	1000|800|700|600|500|400	500|400|300|200|100|0	0|0|0|0|0|0	0|0|0|0|0|0|0	0|0|3500|4400|10000
9068	沙漠龙龙穴第三关	3000	300	1000	500	1000|800|700|600|500|400	500|400|300|200|100|0	0|0|0|0|0|0	0|0|0|0|0|0|0	0|0|3500|4400|10000
9069	沙漠龙龙穴第四关	3000	300	1000	500	1000|800|700|600|500|400	500|400|300|200|100|0	0|0|0|0|0|0	0|0|0|0|0|0|0	0|0|3500|4400|10000
9070	沙漠龙龙穴第五关	3000	300	1000	500	1000|800|700|600|500|400	500|400|300|200|100|0	0|0|0|0|0|0	0|0|0|0|0|0|0	0|0|3500|4400|10000
9071	沙漠龙龙穴第六关	3000	600	1000	500	1000|800|700|600|500|400	500|400|300|200|100|0	0|0|0|0|0|0	0|0|0|0|0|0|0	0|0|3500|4400|10000
9072	黑龙龙穴第一关	3000	300	1000	500	1000|800|700|600|500|400	500|400|300|200|100|0	0|0|0|0|0|0	0|0|0|0|0|0|0	0|0|3500|4400|10000
9073	黑龙龙穴第二关	3000	300	1000	500	1000|800|700|600|500|400	500|400|300|200|100|0	0|0|0|0|0|0	0|0|0|0|0|0|0	0|0|3500|4400|10000
9074	黑龙龙穴第三关	3000	300	1000	500	1000|800|700|600|500|400	500|400|300|200|100|0	0|0|0|0|0|0	0|0|0|0|0|0|0	0|0|3500|4400|10000
9075	黑龙龙穴第四关	3000	300	1000	500	1000|800|700|600|500|400	500|400|300|200|100|0	0|0|0|0|0|0	0|0|0|0|0|0|0	0|0|3500|4400|10000
9076	黑龙龙穴第五关	3000	300	1000	500	1000|800|700|600|500|400	500|400|300|200|100|0	0|0|0|0|0|0	0|0|0|0|0|0|0	0|0|3500|4400|10000
9077	黑龙龙穴第六关	3000	600	1000	500	1000|800|700|600|500|400	500|400|300|200|100|0	0|0|0|0|0|0	0|0|0|0|0|0|0	0|0|3500|4400|10000
9078	冰龙简单第一关	3000	300	1000	500	1000|800|700|600|500|400	500|400|300|200|100|0	0|0|0|0|0|0	0|0|0|0|0|0|0	0|0|3500|4400|10000
9079	冰龙简单第二关	3000	300	1000	500	1000|800|700|600|500|400	500|400|300|200|100|0	0|0|0|0|0|0	0|0|0|0|0|0|0	0|0|3500|4400|10000
9080	冰龙简单第三关	3000	300	1000	500	1000|800|700|600|500|400	500|400|300|200|100|0	0|0|0|0|0|0	0|0|0|0|0|0|0	0|0|3500|4400|10000
9081	冰龙简单第四关	3000	300	1000	500	1000|800|700|600|500|400	500|400|300|200|100|0	0|0|0|0|0|0	0|0|0|0|0|0|0	0|0|3500|4400|10000
9082	冰龙简单第五关	3000	300	1000	500	1000|800|700|600|500|400	500|400|300|200|100|0	0|0|0|0|0|0	0|0|0|0|0|0|0	0|0|3500|4400|10000
9083	冰龙简单第六关	3000	600	1000	500	1000|800|700|600|500|400	500|400|300|200|100|0	0|0|0|0|0|0	0|0|0|0|0|0|0	0|0|3500|4400|10000
1540	冰龙大师第一关	3000	300	1000	500	1000|800|700|600|500|400	500|400|300|200|100|0	0|0|0|0|0|0	0|0|0|0|0|0|0	0|0|3500|4400|10000
1541	冰龙大师第二关	3000	300	1000	500	1000|800|700|600|500|400	500|400|300|200|100|0	0|0|0|0|0|0	0|0|0|0|0|0|0	0|0|3500|4400|10000
1542	冰龙大师第三关	3000	300	1000	500	1000|800|700|600|500|400	500|400|300|200|100|0	0|0|0|0|0|0	0|0|0|0|0|0|0	0|0|3500|4400|10000
1543	冰龙大师第四关	3000	300	1000	500	1000|800|700|600|500|400	500|400|300|200|100|0	0|0|0|0|0|0	0|0|0|0|0|0|0	0|0|3500|4400|10000
1544	冰龙大师第五关	3000	300	1000	500	1000|800|700|600|500|400	500|400|300|200|100|0	0|0|0|0|0|0	0|0|0|0|0|0|0	0|0|3500|4400|10000
1545	冰龙大师第六关	3000	600	1000	500	1000|800|700|600|500|400	500|400|300|200|100|0	0|0|0|0|0|0	0|0|0|0|0|0|0	0|0|3500|4400|10000
9084	符文龙简单第一关	3000	300	1000	500	1000|800|700|600|500|400	500|400|300|200|100|0	0|0|0|0|0|0	0|0|0|0|0|0|0	0|0|3500|4400|10000
9085	符文龙简单第二关	3000	300	1000	500	1000|800|700|600|500|400	500|400|300|200|100|0	0|0|0|0|0|0	0|0|0|0|0|0|0	0|0|3500|4400|10000
9086	符文龙简单第三关	3000	300	1000	500	1000|800|700|600|500|400	500|400|300|200|100|0	0|0|0|0|0|0	0|0|0|0|0|0|0	0|0|3500|4400|10000
9087	符文龙简单第四关	3000	300	1000	500	1000|800|700|600|500|400	500|400|300|200|100|0	0|0|0|0|0|0	0|0|0|0|0|0|0	0|0|3500|4400|10000
9088	符文龙简单第五关	3000	300	1000	500	1000|800|700|600|500|400	500|400|300|200|100|0	0|0|0|0|0|0	0|0|0|0|0|0|0	0|0|3500|4400|10000
9089	符文龙简单第六关	3000	600	1000	500	1000|800|700|600|500|400	500|400|300|200|100|0	0|0|0|0|0|0	0|0|0|0|0|0|0	0|0|3500|4400|10000
1550	符文龙普通第一关	3000	300	1000	500	1000|800|700|600|500|400	500|400|300|200|100|0	0|0|0|0|0|0	0|0|0|0|0|0|0	0|0|3500|4400|10000
1551	符文龙普通第二关	3000	300	1000	500	1000|800|700|600|500|400	500|400|300|200|100|0	0|0|0|0|0|0	0|0|0|0|0|0|0	0|0|3500|4400|10000
1552	符文龙普通第三关	3000	300	1000	500	1000|800|700|600|500|400	500|400|300|200|100|0	0|0|0|0|0|0	0|0|0|0|0|0|0	0|0|3500|4400|10000
1553	符文龙普通第四关	3000	300	1000	500	1000|800|700|600|500|400	500|400|300|200|100|0	0|0|0|0|0|0	0|0|0|0|0|0|0	0|0|3500|4400|10000
1554	符文龙普通第五关	3000	300	1000	500	1000|800|700|600|500|400	500|400|300|200|100|0	0|0|0|0|0|0	0|0|0|0|0|0|0	0|0|3500|4400|10000
1555	符文龙普通第六关	3000	600	1000	500	1000|800|700|600|500|400	500|400|300|200|100|0	0|0|0|0|0|0	0|0|0|0|0|0|0	0|0|3500|4400|10000
1170	符文龙困难第一关	3000	300	1000	500	1000|800|700|600|500|400	500|400|300|200|100|0	0|0|0|0|0|0	0|0|0|0|0|0|0	0|0|3500|4400|10000
1171	符文龙困难第二关	3000	300	1000	500	1000|800|700|600|500|400	500|400|300|200|100|0	0|0|0|0|0|0	0|0|0|0|0|0|0	0|0|3500|4400|10000
1172	符文龙困难第三关	3000	300	1000	500	1000|800|700|600|500|400	500|400|300|200|100|0	0|0|0|0|0|0	0|0|0|0|0|0|0	0|0|3500|4400|10000
1173	符文龙困难第四关	3000	300	1000	500	1000|800|700|600|500|400	500|400|300|200|100|0	0|0|0|0|0|0	0|0|0|0|0|0|0	0|0|3500|4400|10000
1174	符文龙困难第五关	3000	300	1000	500	1000|800|700|600|500|400	500|400|300|200|100|0	0|0|0|0|0|0	0|0|0|0|0|0|0	0|0|3500|4400|10000
1175	符文龙困难第六关	3000	600	1000	500	1000|800|700|600|500|400	500|400|300|200|100|0	0|0|0|0|0|0	0|0|0|0|0|0|0	0|0|3500|4400|10000
1180	符文龙远古第一关	3000	300	1000	500	1000|800|700|600|500|400	500|400|300|200|100|0	0|0|0|0|0|0	0|0|0|0|0|0|0	0|0|3500|4400|10000
1181	符文龙远古第二关	3000	300	1000	500	1000|800|700|600|500|400	500|400|300|200|100|0	0|0|0|0|0|0	0|0|0|0|0|0|0	0|0|3500|4400|10000
1182	符文龙远古第三关	3000	300	1000	500	1000|800|700|600|500|400	500|400|300|200|100|0	0|0|0|0|0|0	0|0|0|0|0|0|0	0|0|3500|4400|10000
1183	符文龙远古第四关	3000	300	1000	500	1000|800|700|600|500|400	500|400|300|200|100|0	0|0|0|0|0|0	0|0|0|0|0|0|0	0|0|3500|4400|10000
1184	符文龙远古第五关	3000	300	1000	500	1000|800|700|600|500|400	500|400|300|200|100|0	0|0|0|0|0|0	0|0|0|0|0|0|0	0|0|3500|4400|10000
1185	符文龙远古第六关	3000	600	1000	500	1000|800|700|600|500|400	500|400|300|200|100|0	0|0|0|0|0|0	0|0|0|0|0|0|0	0|0|3500|4400|10000
1160	幻龙起源第一关	3000	300	1000	500	1000|800|700|600|500|400	500|400|300|200|100|0	0|0|0|0|0|0	0|0|0|0|0|0|0	0|0|3500|4400|10000
1161	幻龙起源第二关	3000	300	1000	500	1000|800|700|600|500|400	500|400|300|200|100|0	0|0|0|0|0|0	0|0|0|0|0|0|0	0|0|3500|4400|10000
1162	幻龙起源第三关	3000	300	1000	500	1000|800|700|600|500|400	500|400|300|200|100|0	0|0|0|0|0|0	0|0|0|0|0|0|0	0|0|3500|4400|10000
1163	幻龙起源第四关	3000	300	1000	500	1000|800|700|600|500|400	500|400|300|200|100|0	0|0|0|0|0|0	0|0|0|0|0|0|0	0|0|3500|4400|10000
1164	幻龙起源第五关	3000	300	1000	500	1000|800|700|600|500|400	500|400|300|200|100|0	0|0|0|0|0|0	0|0|0|0|0|0|0	0|0|3500|4400|10000
1165	幻龙起源第六关	3000	600	1000	500	1000|800|700|600|500|400	500|400|300|200|100|0	0|0|0|0|0|0	0|0|0|0|0|0|0	0|0|3500|4400|10000
50053	上古遗迹外围	3000	300	1000	500	1000|800|700|600|500|400	500|400|300|200|100|0	0|0|0|0|0|0	0|0|0|0|0|0|0	0|0|3500|4400|10000
50054	遗迹入口峡谷	3000	300	1000	500	1000|800|700|600|500|400	500|400|300|200|100|0	0|0|0|0|0|0	0|0|0|0|0|0|0	0|0|3500|4400|10000
50055	异次元封印世界	3000	300	1000	500	1000|800|700|600|500|400	500|400|300|200|100|0	0|0|0|0|0|0	0|0|0|0|0|0|0	0|0|3500|4400|10000
11015	【重制】地狱犬巢穴（练习模式）	3000	240	1000	500	1000|800|700|600|500|400	500|400|300|200|100|0	0|0|0|0|0|0	0|0|0|0|0|0|0	0|0|3500|4400|10000
11016	【重制】地狱犬巢穴（普通模式）	3000	270	1000	500	1000|800|700|600|500|400	500|400|300|200|100|0	0|0|0|0|0|0	0|0|0|0|0|0|0	0|0|3500|4400|10000
11017	【重制】地狱犬巢穴（困难模式）	3000	420	1000	500	1000|800|700|600|500|400	500|400|300|200|100|0	0|0|0|0|0|0	0|0|0|0|0|0|0	0|0|3500|4400|10000
11018	【重制】地狱犬巢穴一星	3000	300	1000	0	1000|800|700|600|500|400	500|400|300|200|100|0	0|0|0|0|0|0	0|0|0|0|0|0|0	0|0|1|2|3
12001	【重制】地狱犬巢穴二星	3000	300	1000	0	1000|800|700|600|500|400	500|400|300|200|100|0	0|0|0|0|0|0	0|0|0|0|0|0|0	0|0|1|2|3
12002	【重制】地狱犬巢穴三星	3000	300	1000	0	1000|800|700|600|500|400	500|400|300|200|100|0	0|0|0|0|0|0	0|0|0|0|0|0|0	0|0|1|2|3
12003	【重制】地狱犬巢穴四星	3000	300	1000	0	1000|800|700|600|500|400	500|400|300|200|100|0	0|0|0|0|0|0	0|0|0|0|0|0|0	0|0|1|2|3
12004	【重制】地狱犬巢穴五星	3000	300	1000	0	1000|800|700|600|500|400	500|400|300|200|100|0	0|0|0|0|0|0	0|0|0|0|0|0|0	0|0|1|2|3
12005	【重制】地狱犬巢穴六星	3000	300	1000	0	1000|800|700|600|500|400	500|400|300|200|100|0	0|0|0|0|0|0	0|0|0|0|0|0|0	0|0|1|2|3
12006	【重制】地狱犬巢穴七星	3000	300	1000	0	1000|800|700|600|500|400	500|400|300|200|100|0	0|0|0|0|0|0	0|0|0|0|0|0|0	0|0|1|2|3
12007	【重制】地狱犬巢穴八星	3000	300	1000	0	1000|800|700|600|500|400	500|400|300|200|100|0	0|0|0|0|0|0	0|0|0|0|0|0|0	0|0|1|2|3
12008	【重制】地狱犬巢穴九星	3000	300	1000	0	1000|800|700|600|500|400	500|400|300|200|100|0	0|0|0|0|0|0	0|0|0|0|0|0|0	0|0|1|2|3
12009	【重制】地狱犬巢穴十星	3000	300	1000	0	1000|800|700|600|500|400	500|400|300|200|100|0	0|0|0|0|0|0	0|0|0|0|0|0|0	0|0|1|2|3
130011	【重制】竞技巢穴（地狱犬）	3000	420	1000	500	1000|800|700|600|500|400	500|400|300|200|100|0	0|0|0|0|0|0	0|0|0|0|0|0|0	0|0|3500|4400|10000
11025	【重制】狮蝎巢穴（练习模式）	3000	360	1000	500	1000|800|700|600|500|400	500|400|300|200|100|0	0|0|0|0|0|0	0|0|0|0|0|0|0	0|0|3500|4400|10000
11026	【重制】狮蝎巢穴（普通模式）	3000	420	1000	500	1000|800|700|600|500|400	500|400|300|200|100|0	0|0|0|0|0|0	0|0|0|0|0|0|0	0|0|3500|4400|10000
11027	【重制】狮蝎巢穴（困难模式）	3000	420	1000	500	1000|800|700|600|500|400	500|400|300|200|100|0	0|0|0|0|0|0	0|0|0|0|0|0|0	0|0|3500|4400|10000
11028	【重制】狮蝎巢穴一星	3000	420	1000	0	1000|800|700|600|500|400	500|400|300|200|100|0	0|0|0|0|0|0	0|0|0|0|0|0|0	0|0|1|2|3
12011	【重制】狮蝎巢穴二星	3000	420	1000	0	1000|800|700|600|500|400	500|400|300|200|100|0	0|0|0|0|0|0	0|0|0|0|0|0|0	0|0|1|2|3
12012	【重制】狮蝎巢穴三星	3000	420	1000	0	1000|800|700|600|500|400	500|400|300|200|100|0	0|0|0|0|0|0	0|0|0|0|0|0|0	0|0|1|2|3
12013	【重制】狮蝎巢穴四星	3000	420	1000	0	1000|800|700|600|500|400	500|400|300|200|100|0	0|0|0|0|0|0	0|0|0|0|0|0|0	0|0|1|2|3
12014	【重制】狮蝎巢穴五星	3000	420	1000	0	1000|800|700|600|500|400	500|400|300|200|100|0	0|0|0|0|0|0	0|0|0|0|0|0|0	0|0|1|2|3
12015	【重制】狮蝎巢穴六星	3000	420	1000	0	1000|800|700|600|500|400	500|400|300|200|100|0	0|0|0|0|0|0	0|0|0|0|0|0|0	0|0|1|2|3
12016	【重制】狮蝎巢穴七星	3000	420	1000	0	1000|800|700|600|500|400	500|400|300|200|100|0	0|0|0|0|0|0	0|0|0|0|0|0|0	0|0|1|2|3
12017	【重制】狮蝎巢穴八星	3000	420	1000	0	1000|800|700|600|500|400	500|400|300|200|100|0	0|0|0|0|0|0	0|0|0|0|0|0|0	0|0|1|2|3
12018	【重制】狮蝎巢穴九星	3000	420	1000	0	1000|800|700|600|500|400	500|400|300|200|100|0	0|0|0|0|0|0	0|0|0|0|0|0|0	0|0|1|2|3
12019	【重制】狮蝎巢穴十星	3000	420	1000	0	1000|800|700|600|500|400	500|400|300|200|100|0	0|0|0|0|0|0	0|0|0|0|0|0|0	0|0|1|2|3
130012	【重制】竞技巢穴（狮蝎）	3000	420	1000	500	1000|800|700|600|500|400	500|400|300|200|100|0	0|0|0|0|0|0	0|0|0|0|0|0|0	0|0|3500|4400|10000
1190	卡伊伦岛I（巅峰）	3000	300	1000	500	1000|800|700|600|500|400	500|400|300|200|100|0	0|0|0|0|0|0	0|0|0|0|0|0|0	0|0|3500|4400|10000
1191	卡伊伦岛II（巅峰）	3000	300	1000	500	1000|800|700|600|500|400	500|400|300|200|100|0	0|0|0|0|0|0	0|0|0|0|0|0|0	0|0|3500|4400|10000
1192	卡伊伦岛III（巅峰）	3000	300	1000	500	1000|800|700|600|500|400	500|400|300|200|100|0	0|0|0|0|0|0	0|0|0|0|0|0|0	0|0|3500|4400|10000
1193	卡伊伦岛IV（巅峰）	3000	300	1000	500	1000|800|700|600|500|400	500|400|300|200|100|0	0|0|0|0|0|0	0|0|0|0|0|0|0	0|0|3500|4400|10000
1194	卡伊伦岛V（巅峰）	3000	300	1000	500	1000|800|700|600|500|400	500|400|300|200|100|0	0|0|0|0|0|0	0|0|0|0|0|0|0	0|0|3500|4400|10000
1195	卡伊伦岛VI（巅峰）	3000	300	1000	500	1000|800|700|600|500|400	500|400|300|200|100|0	0|0|0|0|0|0	0|0|0|0|0|0|0	0|0|3500|4400|10000
1200	卡伊伦岛I（地狱）	3000	300	1000	500	1000|800|700|600|500|400	500|400|300|200|100|0	0|0|0|0|0|0	0|0|0|0|0|0|0	0|0|3500|4400|10000
1201	卡伊伦岛II（地狱）	3000	300	1000	500	1000|800|700|600|500|400	500|400|300|200|100|0	0|0|0|0|0|0	0|0|0|0|0|0|0	0|0|3500|4400|10000
1202	卡伊伦岛III（地狱）	3000	300	1000	500	1000|800|700|600|500|400	500|400|300|200|100|0	0|0|0|0|0|0	0|0|0|0|0|0|0	0|0|3500|4400|10000
1203	卡伊伦岛IV（地狱）	3000	300	1000	500	1000|800|700|600|500|400	500|400|300|200|100|0	0|0|0|0|0|0	0|0|0|0|0|0|0	0|0|3500|4400|10000
1204	卡伊伦岛V（地狱）	3000	300	1000	500	1000|800|700|600|500|400	500|400|300|200|100|0	0|0|0|0|0|0	0|0|0|0|0|0|0	0|0|3500|4400|10000
1205	卡伊伦岛VI（地狱）	3000	300	1000	500	1000|800|700|600|500|400	500|400|300|200|100|0	0|0|0|0|0|0	0|0|0|0|0|0|0	0|0|3500|4400|10000
1210	卡伊伦岛I（困难）	3000	300	1000	500	1000|800|700|600|500|400	500|400|300|200|100|0	0|0|0|0|0|0	0|0|0|0|0|0|0	0|0|3500|4400|10000
1211	卡伊伦岛II（困难）	3000	300	1000	500	1000|800|700|600|500|400	500|400|300|200|100|0	0|0|0|0|0|0	0|0|0|0|0|0|0	0|0|3500|4400|10000
1212	卡伊伦岛III（困难）	3000	300	1000	500	1000|800|700|600|500|400	500|400|300|200|100|0	0|0|0|0|0|0	0|0|0|0|0|0|0	0|0|3500|4400|10000
1213	卡伊伦岛IV（困难）	3000	300	1000	500	1000|800|700|600|500|400	500|400|300|200|100|0	0|0|0|0|0|0	0|0|0|0|0|0|0	0|0|3500|4400|10000
1214	卡伊伦岛V（困难）	3000	300	1000	500	1000|800|700|600|500|400	500|400|300|200|100|0	0|0|0|0|0|0	0|0|0|0|0|0|0	0|0|3500|4400|10000
1215	卡伊伦岛VI（困难）	3000	300	1000	500	1000|800|700|600|500|400	500|400|300|200|100|0	0|0|0|0|0|0	0|0|0|0|0|0|0	0|0|3500|4400|10000
1220	卡伊伦岛I（普通）	3000	300	1000	500	1000|800|700|600|500|400	500|400|300|200|100|0	0|0|0|0|0|0	0|0|0|0|0|0|0	0|0|3500|4400|10000
1221	卡伊伦岛II（普通）	3000	300	1000	500	1000|800|700|600|500|400	500|400|300|200|100|0	0|0|0|0|0|0	0|0|0|0|0|0|0	0|0|3500|4400|10000
1222	卡伊伦岛III（普通）	3000	300	1000	500	1000|800|700|600|500|400	500|400|300|200|100|0	0|0|0|0|0|0	0|0|0|0|0|0|0	0|0|3500|4400|10000
1223	卡伊伦岛IV（普通）	3000	300	1000	500	1000|800|700|600|500|400	500|400|300|200|100|0	0|0|0|0|0|0	0|0|0|0|0|0|0	0|0|3500|4400|10000
1224	卡伊伦岛V（普通）	3000	300	1000	500	1000|800|700|600|500|400	500|400|300|200|100|0	0|0|0|0|0|0	0|0|0|0|0|0|0	0|0|3500|4400|10000
1225	卡伊伦岛VI（普通）	3000	300	1000	500	1000|800|700|600|500|400	500|400|300|200|100|0	0|0|0|0|0|0	0|0|0|0|0|0|0	0|0|3500|4400|10000
1230	卡伊伦岛I（简单）	3000	300	1000	500	1000|800|700|600|500|400	500|400|300|200|100|0	0|0|0|0|0|0	0|0|0|0|0|0|0	0|0|3500|4400|10000
1231	卡伊伦岛II（简单）	3000	300	1000	500	1000|800|700|600|500|400	500|400|300|200|100|0	0|0|0|0|0|0	0|0|0|0|0|0|0	0|0|3500|4400|10000
1232	卡伊伦岛III（简单）	3000	300	1000	500	1000|800|700|600|500|400	500|400|300|200|100|0	0|0|0|0|0|0	0|0|0|0|0|0|0	0|0|3500|4400|10000
1233	卡伊伦岛IV（简单）	3000	300	1000	500	1000|800|700|600|500|400	500|400|300|200|100|0	0|0|0|0|0|0	0|0|0|0|0|0|0	0|0|3500|4400|10000
1234	卡伊伦岛V（简单）	3000	300	1000	500	1000|800|700|600|500|400	500|400|300|200|100|0	0|0|0|0|0|0	0|0|0|0|0|0|0	0|0|3500|4400|10000
1235	卡伊伦岛VI（简单）	3000	300	1000	500	1000|800|700|600|500|400	500|400|300|200|100|0	0|0|0|0|0|0	0|0|0|0|0|0|0	0|0|3500|4400|10000
81000	海龙·萨芬特拉之岛-40%	3000	300	1000	500	1000|800|700|600|500|400	500|400|300|200|100|0	0|0|0|0|0|0	0|0|0|0|0|0|0	0|0|3500|4400|10000
81001	海龙·萨芬特拉之岛-80%	3000	300	1000	500	1000|800|700|600|500|400	500|400|300|200|100|0	0|0|0|0|0|0	0|0|0|0|0|0|0	0|0|3500|4400|10000
81002	海龙·萨芬特拉之岛-85%	3000	300	1000	500	1000|800|700|600|500|400	500|400|300|200|100|0	0|0|0|0|0|0	0|0|0|0|0|0|0	0|0|3500|4400|10000
81003	海龙·萨芬特拉之岛-90%	3000	300	1000	500	1000|800|700|600|500|400	500|400|300|200|100|0	0|0|0|0|0|0	0|0|0|0|0|0|0	0|0|3500|4400|10000
81004	海龙·萨芬特拉之岛-95%	3000	300	1000	500	1000|800|700|600|500|400	500|400|300|200|100|0	0|0|0|0|0|0	0|0|0|0|0|0|0	0|0|3500|4400|10000
81005	海龙·萨芬特拉之岛-100%	3000	300	1000	500	1000|800|700|600|500|400	500|400|300|200|100|0	0|0|0|0|0|0	0|0|0|0|0|0|0	0|0|3500|4400|10000
81006	海龙·萨芬特拉之岛-105%	3000	300	1000	500	1000|800|700|600|500|400	500|400|300|200|100|0	0|0|0|0|0|0	0|0|0|0|0|0|0	0|0|3500|4400|10000
81007	海龙·萨芬特拉之岛-110%	3000	300	1000	500	1000|800|700|600|500|400	500|400|300|200|100|0	0|0|0|0|0|0	0|0|0|0|0|0|0	0|0|3500|4400|10000
81008	海龙·萨芬特拉之岛-115%	3000	300	1000	500	1000|800|700|600|500|400	500|400|300|200|100|0	0|0|0|0|0|0	0|0|0|0|0|0|0	0|0|3500|4400|10000
81009	海龙·萨芬特拉之岛-120%	3000	300	1000	500	1000|800|700|600|500|400	500|400|300|200|100|0	0|0|0|0|0|0	0|0|0|0|0|0|0	0|0|3500|4400|10000
81010	海龙·萨芬特拉之岛-125%	3000	300	1000	500	1000|800|700|600|500|400	500|400|300|200|100|0	0|0|0|0|0|0	0|0|0|0|0|0|0	0|0|3500|4400|10000
81011	海龙·萨芬特拉之岛-130%	3000	300	1000	500	1000|800|700|600|500|400	500|400|300|200|100|0	0|0|0|0|0|0	0|0|0|0|0|0|0	0|0|3500|4400|10000
81012	海龙·萨芬特拉之岛-135%	3000	300	1000	500	1000|800|700|600|500|400	500|400|300|200|100|0	0|0|0|0|0|0	0|0|0|0|0|0|0	0|0|3500|4400|10000
81013	海龙·萨芬特拉之岛-140%	3000	300	1000	500	1000|800|700|600|500|400	500|400|300|200|100|0	0|0|0|0|0|0	0|0|0|0|0|0|0	0|0|3500|4400|10000
81014	海龙·萨芬特拉之岛-145%	3000	300	1000	500	1000|800|700|600|500|400	500|400|300|200|100|0	0|0|0|0|0|0	0|0|0|0|0|0|0	0|0|3500|4400|10000
81015	海龙·萨芬特拉之岛-150%	3000	300	1000	500	1000|800|700|600|500|400	500|400|300|200|100|0	0|0|0|0|0|0	0|0|0|0|0|0|0	0|0|3500|4400|10000
81016	海龙·萨芬特拉之岛-155%	3000	300	1000	500	1000|800|700|600|500|400	500|400|300|200|100|0	0|0|0|0|0|0	0|0|0|0|0|0|0	0|0|3500|4400|10000
81017	海龙·萨芬特拉之岛-160%	3000	300	1000	500	1000|800|700|600|500|400	500|400|300|200|100|0	0|0|0|0|0|0	0|0|0|0|0|0|0	0|0|3500|4400|10000
81018	海龙·萨芬特拉之岛-165%	3000	300	1000	500	1000|800|700|600|500|400	500|400|300|200|100|0	0|0|0|0|0|0	0|0|0|0|0|0|0	0|0|3500|4400|10000
81019	海龙·萨芬特拉之岛-170%	3000	300	1000	500	1000|800|700|600|500|400	500|400|300|200|100|0	0|0|0|0|0|0	0|0|0|0|0|0|0	0|0|3500|4400|10000
81020	海龙·萨芬特拉之岛-175%	3000	300	1000	500	1000|800|700|600|500|400	500|400|300|200|100|0	0|0|0|0|0|0	0|0|0|0|0|0|0	0|0|3500|4400|10000
81021	海龙·萨芬特拉之岛-180%	3000	300	1000	500	1000|800|700|600|500|400	500|400|300|200|100|0	0|0|0|0|0|0	0|0|0|0|0|0|0	0|0|3500|4400|10000
81022	海龙·萨芬特拉之岛-185%	3000	300	1000	500	1000|800|700|600|500|400	500|400|300|200|100|0	0|0|0|0|0|0	0|0|0|0|0|0|0	0|0|3500|4400|10000
81023	海龙·萨芬特拉之岛-190%	3000	300	1000	500	1000|800|700|600|500|400	500|400|300|200|100|0	0|0|0|0|0|0	0|0|0|0|0|0|0	0|0|3500|4400|10000
81024	海龙·萨芬特拉之岛-200%	3000	300	1000	500	1000|800|700|600|500|400	500|400|300|200|100|0	0|0|0|0|0|0	0|0|0|0|0|0|0	0|0|3500|4400|10000
81100	海龙·黑山洞窟-40%	3000	300	1000	500	1000|800|700|600|500|400	500|400|300|200|100|0	0|0|0|0|0|0	0|0|0|0|0|0|0	0|0|3500|4400|10000
81101	海龙·黑山洞窟-80%	3000	300	1000	500	1000|800|700|600|500|400	500|400|300|200|100|0	0|0|0|0|0|0	0|0|0|0|0|0|0	0|0|3500|4400|10000
81102	海龙·黑山洞窟-85%	3000	300	1000	500	1000|800|700|600|500|400	500|400|300|200|100|0	0|0|0|0|0|0	0|0|0|0|0|0|0	0|0|3500|4400|10000
81103	海龙·黑山洞窟-90%	3000	300	1000	500	1000|800|700|600|500|400	500|400|300|200|100|0	0|0|0|0|0|0	0|0|0|0|0|0|0	0|0|3500|4400|10000
81104	海龙·黑山洞窟-95%	3000	300	1000	500	1000|800|700|600|500|400	500|400|300|200|100|0	0|0|0|0|0|0	0|0|0|0|0|0|0	0|0|3500|4400|10000
81105	海龙·黑山洞窟-100%	3000	300	1000	500	1000|800|700|600|500|400	500|400|300|200|100|0	0|0|0|0|0|0	0|0|0|0|0|0|0	0|0|3500|4400|10000
81106	海龙·黑山洞窟-105%	3000	300	1000	500	1000|800|700|600|500|400	500|400|300|200|100|0	0|0|0|0|0|0	0|0|0|0|0|0|0	0|0|3500|4400|10000
81107	海龙·黑山洞窟-110%	3000	300	1000	500	1000|800|700|600|500|400	500|400|300|200|100|0	0|0|0|0|0|0	0|0|0|0|0|0|0	0|0|3500|4400|10000
81108	海龙·黑山洞窟-115%	3000	300	1000	500	1000|800|700|600|500|400	500|400|300|200|100|0	0|0|0|0|0|0	0|0|0|0|0|0|0	0|0|3500|4400|10000
81109	海龙·黑山洞窟-120%	3000	300	1000	500	1000|800|700|600|500|400	500|400|300|200|100|0	0|0|0|0|0|0	0|0|0|0|0|0|0	0|0|3500|4400|10000
81110	海龙·黑山洞窟-125%	3000	300	1000	500	1000|800|700|600|500|400	500|400|300|200|100|0	0|0|0|0|0|0	0|0|0|0|0|0|0	0|0|3500|4400|10000
81111	海龙·黑山洞窟-130%	3000	300	1000	500	1000|800|700|600|500|400	500|400|300|200|100|0	0|0|0|0|0|0	0|0|0|0|0|0|0	0|0|3500|4400|10000
81112	海龙·黑山洞窟-135%	3000	300	1000	500	1000|800|700|600|500|400	500|400|300|200|100|0	0|0|0|0|0|0	0|0|0|0|0|0|0	0|0|3500|4400|10000
81113	海龙·黑山洞窟-140%	3000	300	1000	500	1000|800|700|600|500|400	500|400|300|200|100|0	0|0|0|0|0|0	0|0|0|0|0|0|0	0|0|3500|4400|10000
81114	海龙·黑山洞窟-145%	3000	300	1000	500	1000|800|700|600|500|400	500|400|300|200|100|0	0|0|0|0|0|0	0|0|0|0|0|0|0	0|0|3500|4400|10000
81115	海龙·黑山洞窟-150%	3000	300	1000	500	1000|800|700|600|500|400	500|400|300|200|100|0	0|0|0|0|0|0	0|0|0|0|0|0|0	0|0|3500|4400|10000
81116	海龙·黑山洞窟-155%	3000	300	1000	500	1000|800|700|600|500|400	500|400|300|200|100|0	0|0|0|0|0|0	0|0|0|0|0|0|0	0|0|3500|4400|10000
81117	海龙·黑山洞窟-160%	3000	300	1000	500	1000|800|700|600|500|400	500|400|300|200|100|0	0|0|0|0|0|0	0|0|0|0|0|0|0	0|0|3500|4400|10000
81118	海龙·黑山洞窟-165%	3000	300	1000	500	1000|800|700|600|500|400	500|400|300|200|100|0	0|0|0|0|0|0	0|0|0|0|0|0|0	0|0|3500|4400|10000
81119	海龙·黑山洞窟-170%	3000	300	1000	500	1000|800|700|600|500|400	500|400|300|200|100|0	0|0|0|0|0|0	0|0|0|0|0|0|0	0|0|3500|4400|10000
81120	海龙·黑山洞窟-175%	3000	300	1000	500	1000|800|700|600|500|400	500|400|300|200|100|0	0|0|0|0|0|0	0|0|0|0|0|0|0	0|0|3500|4400|10000
81121	海龙·黑山洞窟-180%	3000	300	1000	500	1000|800|700|600|500|400	500|400|300|200|100|0	0|0|0|0|0|0	0|0|0|0|0|0|0	0|0|3500|4400|10000
81122	海龙·黑山洞窟-185%	3000	300	1000	500	1000|800|700|600|500|400	500|400|300|200|100|0	0|0|0|0|0|0	0|0|0|0|0|0|0	0|0|3500|4400|10000
81123	海龙·黑山洞窟-190%	3000	300	1000	500	1000|800|700|600|500|400	500|400|300|200|100|0	0|0|0|0|0|0	0|0|0|0|0|0|0	0|0|3500|4400|10000
81124	海龙·黑山洞窟-200%	3000	300	1000	500	1000|800|700|600|500|400	500|400|300|200|100|0	0|0|0|0|0|0	0|0|0|0|0|0|0	0|0|3500|4400|10000
81200	海龙·熔岩岛-40%	3000	300	1000	500	1000|800|700|600|500|400	500|400|300|200|100|0	0|0|0|0|0|0	0|0|0|0|0|0|0	0|0|3500|4400|10000
81201	海龙·熔岩岛-80%	3000	300	1000	500	1000|800|700|600|500|400	500|400|300|200|100|0	0|0|0|0|0|0	0|0|0|0|0|0|0	0|0|3500|4400|10000
81202	海龙·熔岩岛-85%	3000	300	1000	500	1000|800|700|600|500|400	500|400|300|200|100|0	0|0|0|0|0|0	0|0|0|0|0|0|0	0|0|3500|4400|10000
81203	海龙·熔岩岛-90%	3000	300	1000	500	1000|800|700|600|500|400	500|400|300|200|100|0	0|0|0|0|0|0	0|0|0|0|0|0|0	0|0|3500|4400|10000
81204	海龙·熔岩岛-95%	3000	300	1000	500	1000|800|700|600|500|400	500|400|300|200|100|0	0|0|0|0|0|0	0|0|0|0|0|0|0	0|0|3500|4400|10000
81205	海龙·熔岩岛-100%	3000	300	1000	500	1000|800|700|600|500|400	500|400|300|200|100|0	0|0|0|0|0|0	0|0|0|0|0|0|0	0|0|3500|4400|10000
81206	海龙·熔岩岛-105%	3000	300	1000	500	1000|800|700|600|500|400	500|400|300|200|100|0	0|0|0|0|0|0	0|0|0|0|0|0|0	0|0|3500|4400|10000
81207	海龙·熔岩岛-110%	3000	300	1000	500	1000|800|700|600|500|400	500|400|300|200|100|0	0|0|0|0|0|0	0|0|0|0|0|0|0	0|0|3500|4400|10000
81208	海龙·熔岩岛-115%	3000	300	1000	500	1000|800|700|600|500|400	500|400|300|200|100|0	0|0|0|0|0|0	0|0|0|0|0|0|0	0|0|3500|4400|10000
81209	海龙·熔岩岛-120%	3000	300	1000	500	1000|800|700|600|500|400	500|400|300|200|100|0	0|0|0|0|0|0	0|0|0|0|0|0|0	0|0|3500|4400|10000
81210	海龙·熔岩岛-125%	3000	300	1000	500	1000|800|700|600|500|400	500|400|300|200|100|0	0|0|0|0|0|0	0|0|0|0|0|0|0	0|0|3500|4400|10000
81211	海龙·熔岩岛-130%	3000	300	1000	500	1000|800|700|600|500|400	500|400|300|200|100|0	0|0|0|0|0|0	0|0|0|0|0|0|0	0|0|3500|4400|10000
81212	海龙·熔岩岛-135%	3000	300	1000	500	1000|800|700|600|500|400	500|400|300|200|100|0	0|0|0|0|0|0	0|0|0|0|0|0|0	0|0|3500|4400|10000
81213	海龙·熔岩岛-140%	3000	300	1000	500	1000|800|700|600|500|400	500|400|300|200|100|0	0|0|0|0|0|0	0|0|0|0|0|0|0	0|0|3500|4400|10000
81214	海龙·熔岩岛-145%	3000	300	1000	500	1000|800|700|600|500|400	500|400|300|200|100|0	0|0|0|0|0|0	0|0|0|0|0|0|0	0|0|3500|4400|10000
81215	海龙·熔岩岛-150%	3000	300	1000	500	1000|800|700|600|500|400	500|400|300|200|100|0	0|0|0|0|0|0	0|0|0|0|0|0|0	0|0|3500|4400|10000
81216	海龙·熔岩岛-155%	3000	300	1000	500	1000|800|700|600|500|400	500|400|300|200|100|0	0|0|0|0|0|0	0|0|0|0|0|0|0	0|0|3500|4400|10000
81217	海龙·熔岩岛-160%	3000	300	1000	500	1000|800|700|600|500|400	500|400|300|200|100|0	0|0|0|0|0|0	0|0|0|0|0|0|0	0|0|3500|4400|10000
81218	海龙·熔岩岛-165%	3000	300	1000	500	1000|800|700|600|500|400	500|400|300|200|100|0	0|0|0|0|0|0	0|0|0|0|0|0|0	0|0|3500|4400|10000
81219	海龙·熔岩岛-170%	3000	300	1000	500	1000|800|700|600|500|400	500|400|300|200|100|0	0|0|0|0|0|0	0|0|0|0|0|0|0	0|0|3500|4400|10000
81220	海龙·熔岩岛-175%	3000	300	1000	500	1000|800|700|600|500|400	500|400|300|200|100|0	0|0|0|0|0|0	0|0|0|0|0|0|0	0|0|3500|4400|10000
81221	海龙·熔岩岛-180%	3000	300	1000	500	1000|800|700|600|500|400	500|400|300|200|100|0	0|0|0|0|0|0	0|0|0|0|0|0|0	0|0|3500|4400|10000
81222	海龙·熔岩岛-185%	3000	300	1000	500	1000|800|700|600|500|400	500|400|300|200|100|0	0|0|0|0|0|0	0|0|0|0|0|0|0	0|0|3500|4400|10000
81223	海龙·熔岩岛-190%	3000	300	1000	500	1000|800|700|600|500|400	500|400|300|200|100|0	0|0|0|0|0|0	0|0|0|0|0|0|0	0|0|3500|4400|10000
81224	海龙·熔岩岛-200%	3000	300	1000	500	1000|800|700|600|500|400	500|400|300|200|100|0	0|0|0|0|0|0	0|0|0|0|0|0|0	0|0|3500|4400|10000
81300	海龙·蜥蜴人栖息地-40%	3000	300	1000	500	1000|800|700|600|500|400	500|400|300|200|100|0	0|0|0|0|0|0	0|0|0|0|0|0|0	0|0|3500|4400|10000
81301	海龙·蜥蜴人栖息地-80%	3000	300	1000	500	1000|800|700|600|500|400	500|400|300|200|100|0	0|0|0|0|0|0	0|0|0|0|0|0|0	0|0|3500|4400|10000
81302	海龙·蜥蜴人栖息地-85%	3000	300	1000	500	1000|800|700|600|500|400	500|400|300|200|100|0	0|0|0|0|0|0	0|0|0|0|0|0|0	0|0|3500|4400|10000
81303	海龙·蜥蜴人栖息地-90%	3000	300	1000	500	1000|800|700|600|500|400	500|400|300|200|100|0	0|0|0|0|0|0	0|0|0|0|0|0|0	0|0|3500|4400|10000
81304	海龙·蜥蜴人栖息地-95%	3000	300	1000	500	1000|800|700|600|500|400	500|400|300|200|100|0	0|0|0|0|0|0	0|0|0|0|0|0|0	0|0|3500|4400|10000
81305	海龙·蜥蜴人栖息地-100%	3000	300	1000	500	1000|800|700|600|500|400	500|400|300|200|100|0	0|0|0|0|0|0	0|0|0|0|0|0|0	0|0|3500|4400|10000
81306	海龙·蜥蜴人栖息地-105%	3000	300	1000	500	1000|800|700|600|500|400	500|400|300|200|100|0	0|0|0|0|0|0	0|0|0|0|0|0|0	0|0|3500|4400|10000
81307	海龙·蜥蜴人栖息地-110%	3000	300	1000	500	1000|800|700|600|500|400	500|400|300|200|100|0	0|0|0|0|0|0	0|0|0|0|0|0|0	0|0|3500|4400|10000
81308	海龙·蜥蜴人栖息地-115%	3000	300	1000	500	1000|800|700|600|500|400	500|400|300|200|100|0	0|0|0|0|0|0	0|0|0|0|0|0|0	0|0|3500|4400|10000
81309	海龙·蜥蜴人栖息地-120%	3000	300	1000	500	1000|800|700|600|500|400	500|400|300|200|100|0	0|0|0|0|0|0	0|0|0|0|0|0|0	0|0|3500|4400|10000
81310	海龙·蜥蜴人栖息地-125%	3000	300	1000	500	1000|800|700|600|500|400	500|400|300|200|100|0	0|0|0|0|0|0	0|0|0|0|0|0|0	0|0|3500|4400|10000
81311	海龙·蜥蜴人栖息地-130%	3000	300	1000	500	1000|800|700|600|500|400	500|400|300|200|100|0	0|0|0|0|0|0	0|0|0|0|0|0|0	0|0|3500|4400|10000
81312	海龙·蜥蜴人栖息地-135%	3000	300	1000	500	1000|800|700|600|500|400	500|400|300|200|100|0	0|0|0|0|0|0	0|0|0|0|0|0|0	0|0|3500|4400|10000
81313	海龙·蜥蜴人栖息地-140%	3000	300	1000	500	1000|800|700|600|500|400	500|400|300|200|100|0	0|0|0|0|0|0	0|0|0|0|0|0|0	0|0|3500|4400|10000
81314	海龙·蜥蜴人栖息地-145%	3000	300	1000	500	1000|800|700|600|500|400	500|400|300|200|100|0	0|0|0|0|0|0	0|0|0|0|0|0|0	0|0|3500|4400|10000
81315	海龙·蜥蜴人栖息地-150%	3000	300	1000	500	1000|800|700|600|500|400	500|400|300|200|100|0	0|0|0|0|0|0	0|0|0|0|0|0|0	0|0|3500|4400|10000
81316	海龙·蜥蜴人栖息地-155%	3000	300	1000	500	1000|800|700|600|500|400	500|400|300|200|100|0	0|0|0|0|0|0	0|0|0|0|0|0|0	0|0|3500|4400|10000
81317	海龙·蜥蜴人栖息地-160%	3000	300	1000	500	1000|800|700|600|500|400	500|400|300|200|100|0	0|0|0|0|0|0	0|0|0|0|0|0|0	0|0|3500|4400|10000
81318	海龙·蜥蜴人栖息地-165%	3000	300	1000	500	1000|800|700|600|500|400	500|400|300|200|100|0	0|0|0|0|0|0	0|0|0|0|0|0|0	0|0|3500|4400|10000
81319	海龙·蜥蜴人栖息地-170%	3000	300	1000	500	1000|800|700|600|500|400	500|400|300|200|100|0	0|0|0|0|0|0	0|0|0|0|0|0|0	0|0|3500|4400|10000
81320	海龙·蜥蜴人栖息地-175%	3000	300	1000	500	1000|800|700|600|500|400	500|400|300|200|100|0	0|0|0|0|0|0	0|0|0|0|0|0|0	0|0|3500|4400|10000
81321	海龙·蜥蜴人栖息地-180%	3000	300	1000	500	1000|800|700|600|500|400	500|400|300|200|100|0	0|0|0|0|0|0	0|0|0|0|0|0|0	0|0|3500|4400|10000
81322	海龙·蜥蜴人栖息地-185%	3000	300	1000	500	1000|800|700|600|500|400	500|400|300|200|100|0	0|0|0|0|0|0	0|0|0|0|0|0|0	0|0|3500|4400|10000
81323	海龙·蜥蜴人栖息地-190%	3000	300	1000	500	1000|800|700|600|500|400	500|400|300|200|100|0	0|0|0|0|0|0	0|0|0|0|0|0|0	0|0|3500|4400|10000
81324	海龙·蜥蜴人栖息地-200%	3000	300	1000	500	1000|800|700|600|500|400	500|400|300|200|100|0	0|0|0|0|0|0	0|0|0|0|0|0|0	0|0|3500|4400|10000
81400	海龙·龙骨荒漠-40%	3000	300	1000	500	1000|800|700|600|500|400	500|400|300|200|100|0	0|0|0|0|0|0	0|0|0|0|0|0|0	0|0|3500|4400|10000
81401	海龙·龙骨荒漠-80%	3000	300	1000	500	1000|800|700|600|500|400	500|400|300|200|100|0	0|0|0|0|0|0	0|0|0|0|0|0|0	0|0|3500|4400|10000
81402	海龙·龙骨荒漠-85%	3000	300	1000	500	1000|800|700|600|500|400	500|400|300|200|100|0	0|0|0|0|0|0	0|0|0|0|0|0|0	0|0|3500|4400|10000
81403	海龙·龙骨荒漠-90%	3000	300	1000	500	1000|800|700|600|500|400	500|400|300|200|100|0	0|0|0|0|0|0	0|0|0|0|0|0|0	0|0|3500|4400|10000
81404	海龙·龙骨荒漠-95%	3000	300	1000	500	1000|800|700|600|500|400	500|400|300|200|100|0	0|0|0|0|0|0	0|0|0|0|0|0|0	0|0|3500|4400|10000
81405	海龙·龙骨荒漠-100%	3000	300	1000	500	1000|800|700|600|500|400	500|400|300|200|100|0	0|0|0|0|0|0	0|0|0|0|0|0|0	0|0|3500|4400|10000
81406	海龙·龙骨荒漠-105%	3000	300	1000	500	1000|800|700|600|500|400	500|400|300|200|100|0	0|0|0|0|0|0	0|0|0|0|0|0|0	0|0|3500|4400|10000
81407	海龙·龙骨荒漠-110%	3000	300	1000	500	1000|800|700|600|500|400	500|400|300|200|100|0	0|0|0|0|0|0	0|0|0|0|0|0|0	0|0|3500|4400|10000
81408	海龙·龙骨荒漠-115%	3000	300	1000	500	1000|800|700|600|500|400	500|400|300|200|100|0	0|0|0|0|0|0	0|0|0|0|0|0|0	0|0|3500|4400|10000
81409	海龙·龙骨荒漠-120%	3000	300	1000	500	1000|800|700|600|500|400	500|400|300|200|100|0	0|0|0|0|0|0	0|0|0|0|0|0|0	0|0|3500|4400|10000
81410	海龙·龙骨荒漠-125%	3000	300	1000	500	1000|800|700|600|500|400	500|400|300|200|100|0	0|0|0|0|0|0	0|0|0|0|0|0|0	0|0|3500|4400|10000
81411	海龙·龙骨荒漠-130%	3000	300	1000	500	1000|800|700|600|500|400	500|400|300|200|100|0	0|0|0|0|0|0	0|0|0|0|0|0|0	0|0|3500|4400|10000
81412	海龙·龙骨荒漠-135%	3000	300	1000	500	1000|800|700|600|500|400	500|400|300|200|100|0	0|0|0|0|0|0	0|0|0|0|0|0|0	0|0|3500|4400|10000
81413	海龙·龙骨荒漠-140%	3000	300	1000	500	1000|800|700|600|500|400	500|400|300|200|100|0	0|0|0|0|0|0	0|0|0|0|0|0|0	0|0|3500|4400|10000
81414	海龙·龙骨荒漠-145%	3000	300	1000	500	1000|800|700|600|500|400	500|400|300|200|100|0	0|0|0|0|0|0	0|0|0|0|0|0|0	0|0|3500|4400|10000
81415	海龙·龙骨荒漠-150%	3000	300	1000	500	1000|800|700|600|500|400	500|400|300|200|100|0	0|0|0|0|0|0	0|0|0|0|0|0|0	0|0|3500|4400|10000
81416	海龙·龙骨荒漠-155%	3000	300	1000	500	1000|800|700|600|500|400	500|400|300|200|100|0	0|0|0|0|0|0	0|0|0|0|0|0|0	0|0|3500|4400|10000
81417	海龙·龙骨荒漠-160%	3000	300	1000	500	1000|800|700|600|500|400	500|400|300|200|100|0	0|0|0|0|0|0	0|0|0|0|0|0|0	0|0|3500|4400|10000
81418	海龙·龙骨荒漠-165%	3000	300	1000	500	1000|800|700|600|500|400	500|400|300|200|100|0	0|0|0|0|0|0	0|0|0|0|0|0|0	0|0|3500|4400|10000
81419	海龙·龙骨荒漠-170%	3000	300	1000	500	1000|800|700|600|500|400	500|400|300|200|100|0	0|0|0|0|0|0	0|0|0|0|0|0|0	0|0|3500|4400|10000
81420	海龙·龙骨荒漠-175%	3000	300	1000	500	1000|800|700|600|500|400	500|400|300|200|100|0	0|0|0|0|0|0	0|0|0|0|0|0|0	0|0|3500|4400|10000
81421	海龙·龙骨荒漠-180%	3000	300	1000	500	1000|800|700|600|500|400	500|400|300|200|100|0	0|0|0|0|0|0	0|0|0|0|0|0|0	0|0|3500|4400|10000
81422	海龙·龙骨荒漠-185%	3000	300	1000	500	1000|800|700|600|500|400	500|400|300|200|100|0	0|0|0|0|0|0	0|0|0|0|0|0|0	0|0|3500|4400|10000
81423	海龙·龙骨荒漠-190%	3000	300	1000	500	1000|800|700|600|500|400	500|400|300|200|100|0	0|0|0|0|0|0	0|0|0|0|0|0|0	0|0|3500|4400|10000
81424	海龙·龙骨荒漠-200%	3000	300	1000	500	1000|800|700|600|500|400	500|400|300|200|100|0	0|0|0|0|0|0	0|0|0|0|0|0|0	0|0|3500|4400|10000
81500	海龙·剧毒之森-40%	3000	300	1000	500	1000|800|700|600|500|400	500|400|300|200|100|0	0|0|0|0|0|0	0|0|0|0|0|0|0	0|0|3500|4400|10000
81501	海龙·剧毒之森-80%	3000	300	1000	500	1000|800|700|600|500|400	500|400|300|200|100|0	0|0|0|0|0|0	0|0|0|0|0|0|0	0|0|3500|4400|10000
81502	海龙·剧毒之森-85%	3000	300	1000	500	1000|800|700|600|500|400	500|400|300|200|100|0	0|0|0|0|0|0	0|0|0|0|0|0|0	0|0|3500|4400|10000
81503	海龙·剧毒之森-90%	3000	300	1000	500	1000|800|700|600|500|400	500|400|300|200|100|0	0|0|0|0|0|0	0|0|0|0|0|0|0	0|0|3500|4400|10000
81504	海龙·剧毒之森-95%	3000	300	1000	500	1000|800|700|600|500|400	500|400|300|200|100|0	0|0|0|0|0|0	0|0|0|0|0|0|0	0|0|3500|4400|10000
81505	海龙·剧毒之森-100%	3000	300	1000	500	1000|800|700|600|500|400	500|400|300|200|100|0	0|0|0|0|0|0	0|0|0|0|0|0|0	0|0|3500|4400|10000
81506	海龙·剧毒之森-105%	3000	300	1000	500	1000|800|700|600|500|400	500|400|300|200|100|0	0|0|0|0|0|0	0|0|0|0|0|0|0	0|0|3500|4400|10000
81507	海龙·剧毒之森-110%	3000	300	1000	500	1000|800|700|600|500|400	500|400|300|200|100|0	0|0|0|0|0|0	0|0|0|0|0|0|0	0|0|3500|4400|10000
81508	海龙·剧毒之森-115%	3000	300	1000	500	1000|800|700|600|500|400	500|400|300|200|100|0	0|0|0|0|0|0	0|0|0|0|0|0|0	0|0|3500|4400|10000
81509	海龙·剧毒之森-120%	3000	300	1000	500	1000|800|700|600|500|400	500|400|300|200|100|0	0|0|0|0|0|0	0|0|0|0|0|0|0	0|0|3500|4400|10000
81510	海龙·剧毒之森-125%	3000	300	1000	500	1000|800|700|600|500|400	500|400|300|200|100|0	0|0|0|0|0|0	0|0|0|0|0|0|0	0|0|3500|4400|10000
81511	海龙·剧毒之森-130%	3000	300	1000	500	1000|800|700|600|500|400	500|400|300|200|100|0	0|0|0|0|0|0	0|0|0|0|0|0|0	0|0|3500|4400|10000
81512	海龙·剧毒之森-135%	3000	300	1000	500	1000|800|700|600|500|400	500|400|300|200|100|0	0|0|0|0|0|0	0|0|0|0|0|0|0	0|0|3500|4400|10000
81513	海龙·剧毒之森-140%	3000	300	1000	500	1000|800|700|600|500|400	500|400|300|200|100|0	0|0|0|0|0|0	0|0|0|0|0|0|0	0|0|3500|4400|10000
81514	海龙·剧毒之森-145%	3000	300	1000	500	1000|800|700|600|500|400	500|400|300|200|100|0	0|0|0|0|0|0	0|0|0|0|0|0|0	0|0|3500|4400|10000
81515	海龙·剧毒之森-150%	3000	300	1000	500	1000|800|700|600|500|400	500|400|300|200|100|0	0|0|0|0|0|0	0|0|0|0|0|0|0	0|0|3500|4400|10000
81516	海龙·剧毒之森-155%	3000	300	1000	500	1000|800|700|600|500|400	500|400|300|200|100|0	0|0|0|0|0|0	0|0|0|0|0|0|0	0|0|3500|4400|10000
81517	海龙·剧毒之森-160%	3000	300	1000	500	1000|800|700|600|500|400	500|400|300|200|100|0	0|0|0|0|0|0	0|0|0|0|0|0|0	0|0|3500|4400|10000
81518	海龙·剧毒之森-165%	3000	300	1000	500	1000|800|700|600|500|400	500|400|300|200|100|0	0|0|0|0|0|0	0|0|0|0|0|0|0	0|0|3500|4400|10000
81519	海龙·剧毒之森-170%	3000	300	1000	500	1000|800|700|600|500|400	500|400|300|200|100|0	0|0|0|0|0|0	0|0|0|0|0|0|0	0|0|3500|4400|10000
81520	海龙·剧毒之森-175%	3000	300	1000	500	1000|800|700|600|500|400	500|400|300|200|100|0	0|0|0|0|0|0	0|0|0|0|0|0|0	0|0|3500|4400|10000
81521	海龙·剧毒之森-180%	3000	300	1000	500	1000|800|700|600|500|400	500|400|300|200|100|0	0|0|0|0|0|0	0|0|0|0|0|0|0	0|0|3500|4400|10000
81522	海龙·剧毒之森-185%	3000	300	1000	500	1000|800|700|600|500|400	500|400|300|200|100|0	0|0|0|0|0|0	0|0|0|0|0|0|0	0|0|3500|4400|10000
81523	海龙·剧毒之森-190%	3000	300	1000	500	1000|800|700|600|500|400	500|400|300|200|100|0	0|0|0|0|0|0	0|0|0|0|0|0|0	0|0|3500|4400|10000
81524	海龙·剧毒之森-200%	3000	300	1000	500	1000|800|700|600|500|400	500|400|300|200|100|0	0|0|0|0|0|0	0|0|0|0|0|0|0	0|0|3500|4400|10000
130013	天启巢穴-竞技	3000	420	1000	500	1000|800|700|600|500|400	500|400|300|200|100|0	0|0|0|0|0|0	0|0|0|0|0|0|0	0|0|3500|4400|10000
