id	percent	maxhp_ratio1	atk_ratio1	def_ratio1	maxhp_ratio2	atk_ratio2	def_ratio2	maxhp_ratio3	atk_ratio3	def_ratio3	maxhp_ratio4	atk_ratio4	def_ratio4	maxhp_ratio5	atk_ratio5	def_ratio5	maxhp_ratio6	atk_ratio6	def_ratio6
削弱点数	系数(千分比)	最大生命削弱到的比例（万分比）	攻击削弱到的比例（万分比）	防御削弱到的比例（万分比）	最大生命削弱到的比例（万分比）	攻击削弱到的比例（万分比）	防御削弱到的比例（万分比）	最大生命削弱到的比例（万分比）	攻击削弱到的比例（万分比）	防御削弱到的比例（万分比）	最大生命削弱到的比例（万分比）	攻击削弱到的比例（万分比）	防御削弱到的比例（万分比）	最大生命削弱到的比例（万分比）	攻击削弱到的比例（万分比）	防御削弱到的比例（万分比）	最大生命削弱到的比例（万分比）	攻击削弱到的比例（万分比）	防御削弱到的比例（万分比）
1	1000	10000	10000	10000	10000	10000	10000	10000	10000	10000	10000	10000	10000	10000	10000	10000	10000	10000	10000
2	999	9990	9990	9990	9990	9990	9990	9990	9990	9990	9990	9990	9990	9990	9990	9990	9990	9990	9990
3	998	9980	9980	9980	9980	9980	9980	9980	9980	9980	9980	9980	9980	9980	9980	9980	9980	9980	9980
4	997	9970	9970	9970	9970	9970	9970	9970	9970	9970	9970	9970	9970	9970	9970	9970	9970	9970	9970
5	996	9960	9960	9960	9960	9960	9960	9960	9960	9960	9960	9960	9960	9960	9960	9960	9960	9960	9960
6	995	9950	9950	9950	9950	9950	9950	9950	9950	9950	9950	9950	9950	9950	9950	9950	9950	9950	9950
7	994	9940	9940	9940	9940	9940	9940	9940	9940	9940	9940	9940	9940	9940	9940	9940	9940	9940	9940
8	993	9930	9930	9930	9930	9930	9930	9930	9930	9930	9930	9930	9930	9930	9930	9930	9930	9930	9930
9	992	9920	9920	9920	9920	9920	9920	9920	9920	9920	9920	9920	9920	9920	9920	9920	9920	9920	9920
10	991	9910	9910	9910	9910	9910	9910	9910	9910	9910	9910	9910	9910	9910	9910	9910	9910	9910	9910
11	990	9900	9900	9900	9900	9900	9900	9900	9900	9900	9900	9900	9900	9900	9900	9900	9900	9900	9900
12	989	9890	9890	9890	9890	9890	9890	9890	9890	9890	9890	9890	9890	9890	9890	9890	9890	9890	9890
13	988	9880	9880	9880	9880	9880	9880	9880	9880	9880	9880	9880	9880	9880	9880	9880	9880	9880	9880
14	987	9870	9870	9870	9870	9870	9870	9870	9870	9870	9870	9870	9870	9870	9870	9870	9870	9870	9870
15	986	9860	9860	9860	9860	9860	9860	9860	9860	9860	9860	9860	9860	9860	9860	9860	9860	9860	9860
16	985	9850	9850	9850	9850	9850	9850	9850	9850	9850	9850	9850	9850	9850	9850	9850	9850	9850	9850
17	984	9840	9840	9840	9840	9840	9840	9840	9840	9840	9840	9840	9840	9840	9840	9840	9840	9840	9840
18	983	9830	9830	9830	9830	9830	9830	9830	9830	9830	9830	9830	9830	9830	9830	9830	9830	9830	9830
19	982	9820	9820	9820	9820	9820	9820	9820	9820	9820	9820	9820	9820	9820	9820	9820	9820	9820	9820
20	981	9810	9810	9810	9810	9810	9810	9810	9810	9810	9810	9810	9810	9810	9810	9810	9810	9810	9810
21	980	9800	9800	9800	9800	9800	9800	9800	9800	9800	9800	9800	9800	9800	9800	9800	9800	9800	9800
22	979	9790	9790	9790	9790	9790	9790	9790	9790	9790	9790	9790	9790	9790	9790	9790	9790	9790	9790
23	978	9780	9780	9780	9780	9780	9780	9780	9780	9780	9780	9780	9780	9780	9780	9780	9780	9780	9780
24	977	9770	9770	9770	9770	9770	9770	9770	9770	9770	9770	9770	9770	9770	9770	9770	9770	9770	9770
25	976	9760	9760	9760	9760	9760	9760	9760	9760	9760	9760	9760	9760	9760	9760	9760	9760	9760	9760
26	975	9750	9750	9750	9750	9750	9750	9750	9750	9750	9750	9750	9750	9750	9750	9750	9750	9750	9750
27	974	9740	9740	9740	9740	9740	9740	9740	9740	9740	9740	9740	9740	9740	9740	9740	9740	9740	9740
28	973	9730	9730	9730	9730	9730	9730	9730	9730	9730	9730	9730	9730	9730	9730	9730	9730	9730	9730
29	972	9720	9720	9720	9720	9720	9720	9720	9720	9720	9720	9720	9720	9720	9720	9720	9720	9720	9720
30	971	9710	9710	9710	9710	9710	9710	9710	9710	9710	9710	9710	9710	9710	9710	9710	9710	9710	9710
31	970	9700	9700	9700	9700	9700	9700	9700	9700	9700	9700	9700	9700	9700	9700	9700	9700	9700	9700
32	969	9690	9690	9690	9690	9690	9690	9690	9690	9690	9690	9690	9690	9690	9690	9690	9690	9690	9690
33	968	9680	9680	9680	9680	9680	9680	9680	9680	9680	9680	9680	9680	9680	9680	9680	9680	9680	9680
34	967	9670	9670	9670	9670	9670	9670	9670	9670	9670	9670	9670	9670	9670	9670	9670	9670	9670	9670
35	966	9660	9660	9660	9660	9660	9660	9660	9660	9660	9660	9660	9660	9660	9660	9660	9660	9660	9660
36	965	9650	9650	9650	9650	9650	9650	9650	9650	9650	9650	9650	9650	9650	9650	9650	9650	9650	9650
37	964	9640	9640	9640	9640	9640	9640	9640	9640	9640	9640	9640	9640	9640	9640	9640	9640	9640	9640
38	963	9630	9630	9630	9630	9630	9630	9630	9630	9630	9630	9630	9630	9630	9630	9630	9630	9630	9630
39	962	9620	9620	9620	9620	9620	9620	9620	9620	9620	9620	9620	9620	9620	9620	9620	9620	9620	9620
40	961	9610	9610	9610	9610	9610	9610	9610	9610	9610	9610	9610	9610	9610	9610	9610	9610	9610	9610
41	960	9600	9600	9600	9600	9600	9600	9600	9600	9600	9600	9600	9600	9600	9600	9600	9600	9600	9600
42	959	9590	9590	9590	9590	9590	9590	9590	9590	9590	9590	9590	9590	9590	9590	9590	9590	9590	9590
43	958	9580	9580	9580	9580	9580	9580	9580	9580	9580	9580	9580	9580	9580	9580	9580	9580	9580	9580
44	957	9570	9570	9570	9570	9570	9570	9570	9570	9570	9570	9570	9570	9570	9570	9570	9570	9570	9570
45	956	9560	9560	9560	9560	9560	9560	9560	9560	9560	9560	9560	9560	9560	9560	9560	9560	9560	9560
46	955	9550	9550	9550	9550	9550	9550	9550	9550	9550	9550	9550	9550	9550	9550	9550	9550	9550	9550
47	954	9540	9540	9540	9540	9540	9540	9540	9540	9540	9540	9540	9540	9540	9540	9540	9540	9540	9540
48	953	9530	9530	9530	9530	9530	9530	9530	9530	9530	9530	9530	9530	9530	9530	9530	9530	9530	9530
49	952	9520	9520	9520	9520	9520	9520	9520	9520	9520	9520	9520	9520	9520	9520	9520	9520	9520	9520
50	951	9510	9510	9510	9510	9510	9510	9510	9510	9510	9510	9510	9510	9510	9510	9510	9510	9510	9510
51	950	9500	9500	9500	9500	9500	9500	9500	9500	9500	9500	9500	9500	9500	9500	9500	9500	9500	9500
52	949	9490	9490	9490	9490	9490	9490	9490	9490	9490	9490	9490	9490	9490	9490	9490	9490	9490	9490
53	948	9480	9480	9480	9480	9480	9480	9480	9480	9480	9480	9480	9480	9480	9480	9480	9480	9480	9480
54	947	9470	9470	9470	9470	9470	9470	9470	9470	9470	9470	9470	9470	9470	9470	9470	9470	9470	9470
55	946	9460	9460	9460	9460	9460	9460	9460	9460	9460	9460	9460	9460	9460	9460	9460	9460	9460	9460
56	945	9450	9450	9450	9450	9450	9450	9450	9450	9450	9450	9450	9450	9450	9450	9450	9450	9450	9450
57	944	9440	9440	9440	9440	9440	9440	9440	9440	9440	9440	9440	9440	9440	9440	9440	9440	9440	9440
58	943	9430	9430	9430	9430	9430	9430	9430	9430	9430	9430	9430	9430	9430	9430	9430	9430	9430	9430
59	942	9420	9420	9420	9420	9420	9420	9420	9420	9420	9420	9420	9420	9420	9420	9420	9420	9420	9420
60	941	9410	9410	9410	9410	9410	9410	9410	9410	9410	9410	9410	9410	9410	9410	9410	9410	9410	9410
61	940	9400	9400	9400	9400	9400	9400	9400	9400	9400	9400	9400	9400	9400	9400	9400	9400	9400	9400
62	939	9390	9390	9390	9390	9390	9390	9390	9390	9390	9390	9390	9390	9390	9390	9390	9390	9390	9390
63	938	9380	9380	9380	9380	9380	9380	9380	9380	9380	9380	9380	9380	9380	9380	9380	9380	9380	9380
64	937	9370	9370	9370	9370	9370	9370	9370	9370	9370	9370	9370	9370	9370	9370	9370	9370	9370	9370
65	936	9360	9360	9360	9360	9360	9360	9360	9360	9360	9360	9360	9360	9360	9360	9360	9360	9360	9360
66	935	9350	9350	9350	9350	9350	9350	9350	9350	9350	9350	9350	9350	9350	9350	9350	9350	9350	9350
67	934	9340	9340	9340	9340	9340	9340	9340	9340	9340	9340	9340	9340	9340	9340	9340	9340	9340	9340
68	933	9330	9330	9330	9330	9330	9330	9330	9330	9330	9330	9330	9330	9330	9330	9330	9330	9330	9330
69	932	9320	9320	9320	9320	9320	9320	9320	9320	9320	9320	9320	9320	9320	9320	9320	9320	9320	9320
70	931	9310	9310	9310	9310	9310	9310	9310	9310	9310	9310	9310	9310	9310	9310	9310	9310	9310	9310
71	930	9300	9300	9300	9300	9300	9300	9300	9300	9300	9300	9300	9300	9300	9300	9300	9300	9300	9300
72	929	9290	9290	9290	9290	9290	9290	9290	9290	9290	9290	9290	9290	9290	9290	9290	9290	9290	9290
73	928	9280	9280	9280	9280	9280	9280	9280	9280	9280	9280	9280	9280	9280	9280	9280	9280	9280	9280
74	927	9270	9270	9270	9270	9270	9270	9270	9270	9270	9270	9270	9270	9270	9270	9270	9270	9270	9270
75	926	9260	9260	9260	9260	9260	9260	9260	9260	9260	9260	9260	9260	9260	9260	9260	9260	9260	9260
76	925	9250	9250	9250	9250	9250	9250	9250	9250	9250	9250	9250	9250	9250	9250	9250	9250	9250	9250
77	924	9240	9240	9240	9240	9240	9240	9240	9240	9240	9240	9240	9240	9240	9240	9240	9240	9240	9240
78	923	9230	9230	9230	9230	9230	9230	9230	9230	9230	9230	9230	9230	9230	9230	9230	9230	9230	9230
79	922	9220	9220	9220	9220	9220	9220	9220	9220	9220	9220	9220	9220	9220	9220	9220	9220	9220	9220
80	921	9210	9210	9210	9210	9210	9210	9210	9210	9210	9210	9210	9210	9210	9210	9210	9210	9210	9210
81	920	9200	9200	9200	9200	9200	9200	9200	9200	9200	9200	9200	9200	9200	9200	9200	9200	9200	9200
82	919	9190	9190	9190	9190	9190	9190	9190	9190	9190	9190	9190	9190	9190	9190	9190	9190	9190	9190
83	918	9180	9180	9180	9180	9180	9180	9180	9180	9180	9180	9180	9180	9180	9180	9180	9180	9180	9180
84	917	9170	9170	9170	9170	9170	9170	9170	9170	9170	9170	9170	9170	9170	9170	9170	9170	9170	9170
85	916	9160	9160	9160	9160	9160	9160	9160	9160	9160	9160	9160	9160	9160	9160	9160	9160	9160	9160
86	915	9150	9150	9150	9150	9150	9150	9150	9150	9150	9150	9150	9150	9150	9150	9150	9150	9150	9150
87	914	9140	9140	9140	9140	9140	9140	9140	9140	9140	9140	9140	9140	9140	9140	9140	9140	9140	9140
88	913	9130	9130	9130	9130	9130	9130	9130	9130	9130	9130	9130	9130	9130	9130	9130	9130	9130	9130
89	912	9120	9120	9120	9120	9120	9120	9120	9120	9120	9120	9120	9120	9120	9120	9120	9120	9120	9120
90	911	9110	9110	9110	9110	9110	9110	9110	9110	9110	9110	9110	9110	9110	9110	9110	9110	9110	9110
91	910	9100	9100	9100	9100	9100	9100	9100	9100	9100	9100	9100	9100	9100	9100	9100	9100	9100	9100
92	909	9090	9090	9090	9090	9090	9090	9090	9090	9090	9090	9090	9090	9090	9090	9090	9090	9090	9090
93	908	9080	9080	9080	9080	9080	9080	9080	9080	9080	9080	9080	9080	9080	9080	9080	9080	9080	9080
94	907	9070	9070	9070	9070	9070	9070	9070	9070	9070	9070	9070	9070	9070	9070	9070	9070	9070	9070
95	906	9060	9060	9060	9060	9060	9060	9060	9060	9060	9060	9060	9060	9060	9060	9060	9060	9060	9060
96	905	9050	9050	9050	9050	9050	9050	9050	9050	9050	9050	9050	9050	9050	9050	9050	9050	9050	9050
97	904	9040	9040	9040	9040	9040	9040	9040	9040	9040	9040	9040	9040	9040	9040	9040	9040	9040	9040
98	903	9030	9030	9030	9030	9030	9030	9030	9030	9030	9030	9030	9030	9030	9030	9030	9030	9030	9030
99	902	9020	9020	9020	9020	9020	9020	9020	9020	9020	9020	9020	9020	9020	9020	9020	9020	9020	9020
100	901	9010	9010	9010	9010	9010	9010	9010	9010	9010	9010	9010	9010	9010	9010	9010	9010	9010	9010
101	900	9000	9000	9000	9000	9000	9000	9000	9000	9000	9000	9000	9000	9000	9000	9000	9000	9000	9000
102	899	8990	8990	8990	8990	8990	8990	8990	8990	8990	8990	8990	8990	8990	8990	8990	8990	8990	8990
103	898	8980	8980	8980	8980	8980	8980	8980	8980	8980	8980	8980	8980	8980	8980	8980	8980	8980	8980
104	897	8970	8970	8970	8970	8970	8970	8970	8970	8970	8970	8970	8970	8970	8970	8970	8970	8970	8970
105	896	8960	8960	8960	8960	8960	8960	8960	8960	8960	8960	8960	8960	8960	8960	8960	8960	8960	8960
106	895	8950	8950	8950	8950	8950	8950	8950	8950	8950	8950	8950	8950	8950	8950	8950	8950	8950	8950
107	894	8940	8940	8940	8940	8940	8940	8940	8940	8940	8940	8940	8940	8940	8940	8940	8940	8940	8940
108	893	8930	8930	8930	8930	8930	8930	8930	8930	8930	8930	8930	8930	8930	8930	8930	8930	8930	8930
109	892	8920	8920	8920	8920	8920	8920	8920	8920	8920	8920	8920	8920	8920	8920	8920	8920	8920	8920
110	891	8910	8910	8910	8910	8910	8910	8910	8910	8910	8910	8910	8910	8910	8910	8910	8910	8910	8910
111	890	8900	8900	8900	8900	8900	8900	8900	8900	8900	8900	8900	8900	8900	8900	8900	8900	8900	8900
112	889	8890	8890	8890	8890	8890	8890	8890	8890	8890	8890	8890	8890	8890	8890	8890	8890	8890	8890
113	888	8880	8880	8880	8880	8880	8880	8880	8880	8880	8880	8880	8880	8880	8880	8880	8880	8880	8880
114	887	8870	8870	8870	8870	8870	8870	8870	8870	8870	8870	8870	8870	8870	8870	8870	8870	8870	8870
115	886	8860	8860	8860	8860	8860	8860	8860	8860	8860	8860	8860	8860	8860	8860	8860	8860	8860	8860
116	885	8850	8850	8850	8850	8850	8850	8850	8850	8850	8850	8850	8850	8850	8850	8850	8850	8850	8850
117	884	8840	8840	8840	8840	8840	8840	8840	8840	8840	8840	8840	8840	8840	8840	8840	8840	8840	8840
118	883	8830	8830	8830	8830	8830	8830	8830	8830	8830	8830	8830	8830	8830	8830	8830	8830	8830	8830
119	882	8820	8820	8820	8820	8820	8820	8820	8820	8820	8820	8820	8820	8820	8820	8820	8820	8820	8820
120	881	8810	8810	8810	8810	8810	8810	8810	8810	8810	8810	8810	8810	8810	8810	8810	8810	8810	8810
121	880	8800	8800	8800	8800	8800	8800	8800	8800	8800	8800	8800	8800	8800	8800	8800	8800	8800	8800
122	879	8790	8790	8790	8790	8790	8790	8790	8790	8790	8790	8790	8790	8790	8790	8790	8790	8790	8790
123	878	8780	8780	8780	8780	8780	8780	8780	8780	8780	8780	8780	8780	8780	8780	8780	8780	8780	8780
124	877	8770	8770	8770	8770	8770	8770	8770	8770	8770	8770	8770	8770	8770	8770	8770	8770	8770	8770
125	876	8760	8760	8760	8760	8760	8760	8760	8760	8760	8760	8760	8760	8760	8760	8760	8760	8760	8760
126	875	8750	8750	8750	8750	8750	8750	8750	8750	8750	8750	8750	8750	8750	8750	8750	8750	8750	8750
127	874	8740	8740	8740	8740	8740	8740	8740	8740	8740	8740	8740	8740	8740	8740	8740	8740	8740	8740
128	873	8730	8730	8730	8730	8730	8730	8730	8730	8730	8730	8730	8730	8730	8730	8730	8730	8730	8730
129	872	8720	8720	8720	8720	8720	8720	8720	8720	8720	8720	8720	8720	8720	8720	8720	8720	8720	8720
130	871	8710	8710	8710	8710	8710	8710	8710	8710	8710	8710	8710	8710	8710	8710	8710	8710	8710	8710
131	870	8700	8700	8700	8700	8700	8700	8700	8700	8700	8700	8700	8700	8700	8700	8700	8700	8700	8700
132	869	8690	8690	8690	8690	8690	8690	8690	8690	8690	8690	8690	8690	8690	8690	8690	8690	8690	8690
133	868	8680	8680	8680	8680	8680	8680	8680	8680	8680	8680	8680	8680	8680	8680	8680	8680	8680	8680
134	867	8670	8670	8670	8670	8670	8670	8670	8670	8670	8670	8670	8670	8670	8670	8670	8670	8670	8670
135	866	8660	8660	8660	8660	8660	8660	8660	8660	8660	8660	8660	8660	8660	8660	8660	8660	8660	8660
136	865	8650	8650	8650	8650	8650	8650	8650	8650	8650	8650	8650	8650	8650	8650	8650	8650	8650	8650
137	864	8640	8640	8640	8640	8640	8640	8640	8640	8640	8640	8640	8640	8640	8640	8640	8640	8640	8640
138	863	8630	8630	8630	8630	8630	8630	8630	8630	8630	8630	8630	8630	8630	8630	8630	8630	8630	8630
139	862	8620	8620	8620	8620	8620	8620	8620	8620	8620	8620	8620	8620	8620	8620	8620	8620	8620	8620
140	861	8610	8610	8610	8610	8610	8610	8610	8610	8610	8610	8610	8610	8610	8610	8610	8610	8610	8610
141	860	8600	8600	8600	8600	8600	8600	8600	8600	8600	8600	8600	8600	8600	8600	8600	8600	8600	8600
142	859	8590	8590	8590	8590	8590	8590	8590	8590	8590	8590	8590	8590	8590	8590	8590	8590	8590	8590
143	858	8580	8580	8580	8580	8580	8580	8580	8580	8580	8580	8580	8580	8580	8580	8580	8580	8580	8580
144	857	8570	8570	8570	8570	8570	8570	8570	8570	8570	8570	8570	8570	8570	8570	8570	8570	8570	8570
145	856	8560	8560	8560	8560	8560	8560	8560	8560	8560	8560	8560	8560	8560	8560	8560	8560	8560	8560
146	855	8550	8550	8550	8550	8550	8550	8550	8550	8550	8550	8550	8550	8550	8550	8550	8550	8550	8550
147	854	8540	8540	8540	8540	8540	8540	8540	8540	8540	8540	8540	8540	8540	8540	8540	8540	8540	8540
148	853	8530	8530	8530	8530	8530	8530	8530	8530	8530	8530	8530	8530	8530	8530	8530	8530	8530	8530
149	852	8520	8520	8520	8520	8520	8520	8520	8520	8520	8520	8520	8520	8520	8520	8520	8520	8520	8520
150	851	8510	8510	8510	8510	8510	8510	8510	8510	8510	8510	8510	8510	8510	8510	8510	8510	8510	8510
151	850	8500	8500	8500	8500	8500	8500	8500	8500	8500	8500	8500	8500	8500	8500	8500	8500	8500	8500
152	849	8490	8490	8490	8490	8490	8490	8490	8490	8490	8490	8490	8490	8490	8490	8490	8490	8490	8490
153	848	8480	8480	8480	8480	8480	8480	8480	8480	8480	8480	8480	8480	8480	8480	8480	8480	8480	8480
154	847	8470	8470	8470	8470	8470	8470	8470	8470	8470	8470	8470	8470	8470	8470	8470	8470	8470	8470
155	846	8460	8460	8460	8460	8460	8460	8460	8460	8460	8460	8460	8460	8460	8460	8460	8460	8460	8460
156	845	8450	8450	8450	8450	8450	8450	8450	8450	8450	8450	8450	8450	8450	8450	8450	8450	8450	8450
157	844	8440	8440	8440	8440	8440	8440	8440	8440	8440	8440	8440	8440	8440	8440	8440	8440	8440	8440
158	843	8430	8430	8430	8430	8430	8430	8430	8430	8430	8430	8430	8430	8430	8430	8430	8430	8430	8430
159	842	8420	8420	8420	8420	8420	8420	8420	8420	8420	8420	8420	8420	8420	8420	8420	8420	8420	8420
160	841	8410	8410	8410	8410	8410	8410	8410	8410	8410	8410	8410	8410	8410	8410	8410	8410	8410	8410
161	840	8400	8400	8400	8400	8400	8400	8400	8400	8400	8400	8400	8400	8400	8400	8400	8400	8400	8400
162	839	8390	8390	8390	8390	8390	8390	8390	8390	8390	8390	8390	8390	8390	8390	8390	8390	8390	8390
163	838	8380	8380	8380	8380	8380	8380	8380	8380	8380	8380	8380	8380	8380	8380	8380	8380	8380	8380
164	837	8370	8370	8370	8370	8370	8370	8370	8370	8370	8370	8370	8370	8370	8370	8370	8370	8370	8370
165	836	8360	8360	8360	8360	8360	8360	8360	8360	8360	8360	8360	8360	8360	8360	8360	8360	8360	8360
166	835	8350	8350	8350	8350	8350	8350	8350	8350	8350	8350	8350	8350	8350	8350	8350	8350	8350	8350
167	834	8340	8340	8340	8340	8340	8340	8340	8340	8340	8340	8340	8340	8340	8340	8340	8340	8340	8340
168	833	8330	8330	8330	8330	8330	8330	8330	8330	8330	8330	8330	8330	8330	8330	8330	8330	8330	8330
169	832	8320	8320	8320	8320	8320	8320	8320	8320	8320	8320	8320	8320	8320	8320	8320	8320	8320	8320
170	831	8310	8310	8310	8310	8310	8310	8310	8310	8310	8310	8310	8310	8310	8310	8310	8310	8310	8310
171	830	8300	8300	8300	8300	8300	8300	8300	8300	8300	8300	8300	8300	8300	8300	8300	8300	8300	8300
172	829	8290	8290	8290	8290	8290	8290	8290	8290	8290	8290	8290	8290	8290	8290	8290	8290	8290	8290
173	828	8280	8280	8280	8280	8280	8280	8280	8280	8280	8280	8280	8280	8280	8280	8280	8280	8280	8280
174	827	8270	8270	8270	8270	8270	8270	8270	8270	8270	8270	8270	8270	8270	8270	8270	8270	8270	8270
175	826	8260	8260	8260	8260	8260	8260	8260	8260	8260	8260	8260	8260	8260	8260	8260	8260	8260	8260
176	825	8250	8250	8250	8250	8250	8250	8250	8250	8250	8250	8250	8250	8250	8250	8250	8250	8250	8250
177	824	8240	8240	8240	8240	8240	8240	8240	8240	8240	8240	8240	8240	8240	8240	8240	8240	8240	8240
178	823	8230	8230	8230	8230	8230	8230	8230	8230	8230	8230	8230	8230	8230	8230	8230	8230	8230	8230
179	822	8220	8220	8220	8220	8220	8220	8220	8220	8220	8220	8220	8220	8220	8220	8220	8220	8220	8220
180	821	8210	8210	8210	8210	8210	8210	8210	8210	8210	8210	8210	8210	8210	8210	8210	8210	8210	8210
181	820	8200	8200	8200	8200	8200	8200	8200	8200	8200	8200	8200	8200	8200	8200	8200	8200	8200	8200
182	819	8190	8190	8190	8190	8190	8190	8190	8190	8190	8190	8190	8190	8190	8190	8190	8190	8190	8190
183	818	8180	8180	8180	8180	8180	8180	8180	8180	8180	8180	8180	8180	8180	8180	8180	8180	8180	8180
184	817	8170	8170	8170	8170	8170	8170	8170	8170	8170	8170	8170	8170	8170	8170	8170	8170	8170	8170
185	816	8160	8160	8160	8160	8160	8160	8160	8160	8160	8160	8160	8160	8160	8160	8160	8160	8160	8160
186	815	8150	8150	8150	8150	8150	8150	8150	8150	8150	8150	8150	8150	8150	8150	8150	8150	8150	8150
187	814	8140	8140	8140	8140	8140	8140	8140	8140	8140	8140	8140	8140	8140	8140	8140	8140	8140	8140
188	813	8130	8130	8130	8130	8130	8130	8130	8130	8130	8130	8130	8130	8130	8130	8130	8130	8130	8130
189	812	8120	8120	8120	8120	8120	8120	8120	8120	8120	8120	8120	8120	8120	8120	8120	8120	8120	8120
190	811	8110	8110	8110	8110	8110	8110	8110	8110	8110	8110	8110	8110	8110	8110	8110	8110	8110	8110
191	810	8100	8100	8100	8100	8100	8100	8100	8100	8100	8100	8100	8100	8100	8100	8100	8100	8100	8100
192	809	8090	8090	8090	8090	8090	8090	8090	8090	8090	8090	8090	8090	8090	8090	8090	8090	8090	8090
193	808	8080	8080	8080	8080	8080	8080	8080	8080	8080	8080	8080	8080	8080	8080	8080	8080	8080	8080
194	807	8070	8070	8070	8070	8070	8070	8070	8070	8070	8070	8070	8070	8070	8070	8070	8070	8070	8070
195	806	8060	8060	8060	8060	8060	8060	8060	8060	8060	8060	8060	8060	8060	8060	8060	8060	8060	8060
196	805	8050	8050	8050	8050	8050	8050	8050	8050	8050	8050	8050	8050	8050	8050	8050	8050	8050	8050
197	804	8040	8040	8040	8040	8040	8040	8040	8040	8040	8040	8040	8040	8040	8040	8040	8040	8040	8040
198	803	8030	8030	8030	8030	8030	8030	8030	8030	8030	8030	8030	8030	8030	8030	8030	8030	8030	8030
199	802	8020	8020	8020	8020	8020	8020	8020	8020	8020	8020	8020	8020	8020	8020	8020	8020	8020	8020
200	801	8010	8010	8010	8010	8010	8010	8010	8010	8010	8010	8010	8010	8010	8010	8010	8010	8010	8010
201	800	8000	8000	8000	8000	8000	8000	8000	8000	8000	8000	8000	8000	8000	8000	8000	8000	8000	8000
202	799	7990	7990	7990	7990	7990	7990	7990	7990	7990	7990	7990	7990	7990	7990	7990	7990	7990	7990
203	798	7980	7980	7980	7980	7980	7980	7980	7980	7980	7980	7980	7980	7980	7980	7980	7980	7980	7980
204	797	7970	7970	7970	7970	7970	7970	7970	7970	7970	7970	7970	7970	7970	7970	7970	7970	7970	7970
205	796	7960	7960	7960	7960	7960	7960	7960	7960	7960	7960	7960	7960	7960	7960	7960	7960	7960	7960
206	795	7950	7950	7950	7950	7950	7950	7950	7950	7950	7950	7950	7950	7950	7950	7950	7950	7950	7950
207	794	7940	7940	7940	7940	7940	7940	7940	7940	7940	7940	7940	7940	7940	7940	7940	7940	7940	7940
208	793	7930	7930	7930	7930	7930	7930	7930	7930	7930	7930	7930	7930	7930	7930	7930	7930	7930	7930
209	792	7920	7920	7920	7920	7920	7920	7920	7920	7920	7920	7920	7920	7920	7920	7920	7920	7920	7920
210	791	7910	7910	7910	7910	7910	7910	7910	7910	7910	7910	7910	7910	7910	7910	7910	7910	7910	7910
211	790	7900	7900	7900	7900	7900	7900	7900	7900	7900	7900	7900	7900	7900	7900	7900	7900	7900	7900
212	789	7890	7890	7890	7890	7890	7890	7890	7890	7890	7890	7890	7890	7890	7890	7890	7890	7890	7890
213	788	7880	7880	7880	7880	7880	7880	7880	7880	7880	7880	7880	7880	7880	7880	7880	7880	7880	7880
214	787	7870	7870	7870	7870	7870	7870	7870	7870	7870	7870	7870	7870	7870	7870	7870	7870	7870	7870
215	786	7860	7860	7860	7860	7860	7860	7860	7860	7860	7860	7860	7860	7860	7860	7860	7860	7860	7860
216	785	7850	7850	7850	7850	7850	7850	7850	7850	7850	7850	7850	7850	7850	7850	7850	7850	7850	7850
217	784	7840	7840	7840	7840	7840	7840	7840	7840	7840	7840	7840	7840	7840	7840	7840	7840	7840	7840
218	783	7830	7830	7830	7830	7830	7830	7830	7830	7830	7830	7830	7830	7830	7830	7830	7830	7830	7830
219	782	7820	7820	7820	7820	7820	7820	7820	7820	7820	7820	7820	7820	7820	7820	7820	7820	7820	7820
220	781	7810	7810	7810	7810	7810	7810	7810	7810	7810	7810	7810	7810	7810	7810	7810	7810	7810	7810
221	780	7800	7800	7800	7800	7800	7800	7800	7800	7800	7800	7800	7800	7800	7800	7800	7800	7800	7800
222	779	7790	7790	7790	7790	7790	7790	7790	7790	7790	7790	7790	7790	7790	7790	7790	7790	7790	7790
223	778	7780	7780	7780	7780	7780	7780	7780	7780	7780	7780	7780	7780	7780	7780	7780	7780	7780	7780
224	777	7770	7770	7770	7770	7770	7770	7770	7770	7770	7770	7770	7770	7770	7770	7770	7770	7770	7770
225	776	7760	7760	7760	7760	7760	7760	7760	7760	7760	7760	7760	7760	7760	7760	7760	7760	7760	7760
226	775	7750	7750	7750	7750	7750	7750	7750	7750	7750	7750	7750	7750	7750	7750	7750	7750	7750	7750
227	774	7740	7740	7740	7740	7740	7740	7740	7740	7740	7740	7740	7740	7740	7740	7740	7740	7740	7740
228	773	7730	7730	7730	7730	7730	7730	7730	7730	7730	7730	7730	7730	7730	7730	7730	7730	7730	7730
229	772	7720	7720	7720	7720	7720	7720	7720	7720	7720	7720	7720	7720	7720	7720	7720	7720	7720	7720
230	771	7710	7710	7710	7710	7710	7710	7710	7710	7710	7710	7710	7710	7710	7710	7710	7710	7710	7710
231	770	7700	7700	7700	7700	7700	7700	7700	7700	7700	7700	7700	7700	7700	7700	7700	7700	7700	7700
232	769	7690	7690	7690	7690	7690	7690	7690	7690	7690	7690	7690	7690	7690	7690	7690	7690	7690	7690
233	768	7680	7680	7680	7680	7680	7680	7680	7680	7680	7680	7680	7680	7680	7680	7680	7680	7680	7680
234	767	7670	7670	7670	7670	7670	7670	7670	7670	7670	7670	7670	7670	7670	7670	7670	7670	7670	7670
235	766	7660	7660	7660	7660	7660	7660	7660	7660	7660	7660	7660	7660	7660	7660	7660	7660	7660	7660
236	765	7650	7650	7650	7650	7650	7650	7650	7650	7650	7650	7650	7650	7650	7650	7650	7650	7650	7650
237	764	7640	7640	7640	7640	7640	7640	7640	7640	7640	7640	7640	7640	7640	7640	7640	7640	7640	7640
238	763	7630	7630	7630	7630	7630	7630	7630	7630	7630	7630	7630	7630	7630	7630	7630	7630	7630	7630
239	762	7620	7620	7620	7620	7620	7620	7620	7620	7620	7620	7620	7620	7620	7620	7620	7620	7620	7620
240	761	7610	7610	7610	7610	7610	7610	7610	7610	7610	7610	7610	7610	7610	7610	7610	7610	7610	7610
241	760	7600	7600	7600	7600	7600	7600	7600	7600	7600	7600	7600	7600	7600	7600	7600	7600	7600	7600
242	759	7590	7590	7590	7590	7590	7590	7590	7590	7590	7590	7590	7590	7590	7590	7590	7590	7590	7590
243	758	7580	7580	7580	7580	7580	7580	7580	7580	7580	7580	7580	7580	7580	7580	7580	7580	7580	7580
244	757	7570	7570	7570	7570	7570	7570	7570	7570	7570	7570	7570	7570	7570	7570	7570	7570	7570	7570
245	756	7560	7560	7560	7560	7560	7560	7560	7560	7560	7560	7560	7560	7560	7560	7560	7560	7560	7560
246	755	7550	7550	7550	7550	7550	7550	7550	7550	7550	7550	7550	7550	7550	7550	7550	7550	7550	7550
247	754	7540	7540	7540	7540	7540	7540	7540	7540	7540	7540	7540	7540	7540	7540	7540	7540	7540	7540
248	753	7530	7530	7530	7530	7530	7530	7530	7530	7530	7530	7530	7530	7530	7530	7530	7530	7530	7530
249	752	7520	7520	7520	7520	7520	7520	7520	7520	7520	7520	7520	7520	7520	7520	7520	7520	7520	7520
250	751	7510	7510	7510	7510	7510	7510	7510	7510	7510	7510	7510	7510	7510	7510	7510	7510	7510	7510
251	750	7500	7500	7500	7500	7500	7500	7500	7500	7500	7500	7500	7500	7500	7500	7500	7500	7500	7500
252	749	7490	7490	7490	7490	7490	7490	7490	7490	7490	7490	7490	7490	7490	7490	7490	7490	7490	7490
253	748	7480	7480	7480	7480	7480	7480	7480	7480	7480	7480	7480	7480	7480	7480	7480	7480	7480	7480
254	747	7470	7470	7470	7470	7470	7470	7470	7470	7470	7470	7470	7470	7470	7470	7470	7470	7470	7470
255	746	7460	7460	7460	7460	7460	7460	7460	7460	7460	7460	7460	7460	7460	7460	7460	7460	7460	7460
256	745	7450	7450	7450	7450	7450	7450	7450	7450	7450	7450	7450	7450	7450	7450	7450	7450	7450	7450
257	744	7440	7440	7440	7440	7440	7440	7440	7440	7440	7440	7440	7440	7440	7440	7440	7440	7440	7440
258	743	7430	7430	7430	7430	7430	7430	7430	7430	7430	7430	7430	7430	7430	7430	7430	7430	7430	7430
259	742	7420	7420	7420	7420	7420	7420	7420	7420	7420	7420	7420	7420	7420	7420	7420	7420	7420	7420
260	741	7410	7410	7410	7410	7410	7410	7410	7410	7410	7410	7410	7410	7410	7410	7410	7410	7410	7410
261	740	7400	7400	7400	7400	7400	7400	7400	7400	7400	7400	7400	7400	7400	7400	7400	7400	7400	7400
262	739	7390	7390	7390	7390	7390	7390	7390	7390	7390	7390	7390	7390	7390	7390	7390	7390	7390	7390
263	738	7380	7380	7380	7380	7380	7380	7380	7380	7380	7380	7380	7380	7380	7380	7380	7380	7380	7380
264	737	7370	7370	7370	7370	7370	7370	7370	7370	7370	7370	7370	7370	7370	7370	7370	7370	7370	7370
265	736	7360	7360	7360	7360	7360	7360	7360	7360	7360	7360	7360	7360	7360	7360	7360	7360	7360	7360
266	735	7350	7350	7350	7350	7350	7350	7350	7350	7350	7350	7350	7350	7350	7350	7350	7350	7350	7350
267	734	7340	7340	7340	7340	7340	7340	7340	7340	7340	7340	7340	7340	7340	7340	7340	7340	7340	7340
268	733	7330	7330	7330	7330	7330	7330	7330	7330	7330	7330	7330	7330	7330	7330	7330	7330	7330	7330
269	732	7320	7320	7320	7320	7320	7320	7320	7320	7320	7320	7320	7320	7320	7320	7320	7320	7320	7320
270	731	7310	7310	7310	7310	7310	7310	7310	7310	7310	7310	7310	7310	7310	7310	7310	7310	7310	7310
271	730	7300	7300	7300	7300	7300	7300	7300	7300	7300	7300	7300	7300	7300	7300	7300	7300	7300	7300
272	729	7290	7290	7290	7290	7290	7290	7290	7290	7290	7290	7290	7290	7290	7290	7290	7290	7290	7290
273	728	7280	7280	7280	7280	7280	7280	7280	7280	7280	7280	7280	7280	7280	7280	7280	7280	7280	7280
274	727	7270	7270	7270	7270	7270	7270	7270	7270	7270	7270	7270	7270	7270	7270	7270	7270	7270	7270
275	726	7260	7260	7260	7260	7260	7260	7260	7260	7260	7260	7260	7260	7260	7260	7260	7260	7260	7260
276	725	7250	7250	7250	7250	7250	7250	7250	7250	7250	7250	7250	7250	7250	7250	7250	7250	7250	7250
277	724	7240	7240	7240	7240	7240	7240	7240	7240	7240	7240	7240	7240	7240	7240	7240	7240	7240	7240
278	723	7230	7230	7230	7230	7230	7230	7230	7230	7230	7230	7230	7230	7230	7230	7230	7230	7230	7230
279	722	7220	7220	7220	7220	7220	7220	7220	7220	7220	7220	7220	7220	7220	7220	7220	7220	7220	7220
280	721	7210	7210	7210	7210	7210	7210	7210	7210	7210	7210	7210	7210	7210	7210	7210	7210	7210	7210
281	720	7200	7200	7200	7200	7200	7200	7200	7200	7200	7200	7200	7200	7200	7200	7200	7200	7200	7200
282	719	7190	7190	7190	7190	7190	7190	7190	7190	7190	7190	7190	7190	7190	7190	7190	7190	7190	7190
283	718	7180	7180	7180	7180	7180	7180	7180	7180	7180	7180	7180	7180	7180	7180	7180	7180	7180	7180
284	717	7170	7170	7170	7170	7170	7170	7170	7170	7170	7170	7170	7170	7170	7170	7170	7170	7170	7170
285	716	7160	7160	7160	7160	7160	7160	7160	7160	7160	7160	7160	7160	7160	7160	7160	7160	7160	7160
286	715	7150	7150	7150	7150	7150	7150	7150	7150	7150	7150	7150	7150	7150	7150	7150	7150	7150	7150
287	714	7140	7140	7140	7140	7140	7140	7140	7140	7140	7140	7140	7140	7140	7140	7140	7140	7140	7140
288	713	7130	7130	7130	7130	7130	7130	7130	7130	7130	7130	7130	7130	7130	7130	7130	7130	7130	7130
289	712	7120	7120	7120	7120	7120	7120	7120	7120	7120	7120	7120	7120	7120	7120	7120	7120	7120	7120
290	711	7110	7110	7110	7110	7110	7110	7110	7110	7110	7110	7110	7110	7110	7110	7110	7110	7110	7110
291	710	7100	7100	7100	7100	7100	7100	7100	7100	7100	7100	7100	7100	7100	7100	7100	7100	7100	7100
292	709	7090	7090	7090	7090	7090	7090	7090	7090	7090	7090	7090	7090	7090	7090	7090	7090	7090	7090
293	708	7080	7080	7080	7080	7080	7080	7080	7080	7080	7080	7080	7080	7080	7080	7080	7080	7080	7080
294	707	7070	7070	7070	7070	7070	7070	7070	7070	7070	7070	7070	7070	7070	7070	7070	7070	7070	7070
295	706	7060	7060	7060	7060	7060	7060	7060	7060	7060	7060	7060	7060	7060	7060	7060	7060	7060	7060
296	705	7050	7050	7050	7050	7050	7050	7050	7050	7050	7050	7050	7050	7050	7050	7050	7050	7050	7050
297	704	7040	7040	7040	7040	7040	7040	7040	7040	7040	7040	7040	7040	7040	7040	7040	7040	7040	7040
298	703	7030	7030	7030	7030	7030	7030	7030	7030	7030	7030	7030	7030	7030	7030	7030	7030	7030	7030
299	702	7020	7020	7020	7020	7020	7020	7020	7020	7020	7020	7020	7020	7020	7020	7020	7020	7020	7020
300	701	7010	7010	7010	7010	7010	7010	7010	7010	7010	7010	7010	7010	7010	7010	7010	7010	7010	7010
301	700	6994	6988	6994	6994	6988	6994	7000	7000	7000	7000	7000	7000	7000	7000	7000	7000	7000	7000
302	699	6978	6966	6978	6978	6966	6978	6990	6990	6990	6990	6990	6990	6990	6990	6990	6990	6990	6990
303	698	6962	6944	6962	6962	6944	6962	6980	6980	6980	6980	6980	6980	6980	6980	6980	6980	6980	6980
304	697	6946	6922	6946	6946	6922	6946	6970	6970	6970	6970	6970	6970	6970	6970	6970	6970	6970	6970
305	696	6930	6900	6930	6930	6900	6930	6960	6960	6960	6960	6960	6960	6960	6960	6960	6960	6960	6960
306	695	6914	6878	6914	6914	6878	6914	6950	6950	6950	6950	6950	6950	6950	6950	6950	6950	6950	6950
307	694	6898	6856	6898	6898	6856	6898	6940	6940	6940	6940	6940	6940	6940	6940	6940	6940	6940	6940
308	693	6882	6834	6882	6882	6834	6882	6930	6930	6930	6930	6930	6930	6930	6930	6930	6930	6930	6930
309	692	6866	6812	6866	6866	6812	6866	6920	6920	6920	6920	6920	6920	6920	6920	6920	6920	6920	6920
310	691	6850	6790	6850	6850	6790	6850	6910	6910	6910	6910	6910	6910	6910	6910	6910	6910	6910	6910
311	690	6834	6768	6834	6834	6768	6834	6900	6900	6900	6900	6900	6900	6900	6900	6900	6900	6900	6900
312	689	6818	6746	6818	6818	6746	6818	6890	6890	6890	6890	6890	6890	6890	6890	6890	6890	6890	6890
313	688	6802	6724	6802	6802	6724	6802	6880	6880	6880	6880	6880	6880	6880	6880	6880	6880	6880	6880
314	687	6786	6702	6786	6786	6702	6786	6870	6870	6870	6870	6870	6870	6870	6870	6870	6870	6870	6870
315	686	6770	6680	6770	6770	6680	6770	6860	6860	6860	6860	6860	6860	6860	6860	6860	6860	6860	6860
316	685	6754	6658	6754	6754	6658	6754	6850	6850	6850	6850	6850	6850	6850	6850	6850	6850	6850	6850
317	684	6738	6636	6738	6738	6636	6738	6840	6840	6840	6840	6840	6840	6840	6840	6840	6840	6840	6840
318	683	6722	6614	6722	6722	6614	6722	6830	6830	6830	6830	6830	6830	6830	6830	6830	6830	6830	6830
319	682	6706	6592	6706	6706	6592	6706	6820	6820	6820	6820	6820	6820	6820	6820	6820	6820	6820	6820
320	681	6690	6570	6690	6690	6570	6690	6810	6810	6810	6810	6810	6810	6810	6810	6810	6810	6810	6810
321	680	6674	6548	6674	6674	6548	6674	6800	6800	6800	6800	6800	6800	6800	6800	6800	6800	6800	6800
322	679	6658	6526	6658	6658	6526	6658	6790	6790	6790	6790	6790	6790	6790	6790	6790	6790	6790	6790
323	678	6642	6504	6642	6642	6504	6642	6780	6780	6780	6780	6780	6780	6780	6780	6780	6780	6780	6780
324	677	6626	6482	6626	6626	6482	6626	6770	6770	6770	6770	6770	6770	6770	6770	6770	6770	6770	6770
325	676	6610	6460	6610	6610	6460	6610	6760	6760	6760	6760	6760	6760	6760	6760	6760	6760	6760	6760
326	675	6594	6438	6594	6594	6438	6594	6750	6750	6750	6750	6750	6750	6750	6750	6750	6750	6750	6750
327	674	6578	6416	6578	6578	6416	6578	6740	6740	6740	6740	6740	6740	6740	6740	6740	6740	6740	6740
328	673	6562	6394	6562	6562	6394	6562	6730	6730	6730	6730	6730	6730	6730	6730	6730	6730	6730	6730
329	672	6546	6372	6546	6546	6372	6546	6720	6720	6720	6720	6720	6720	6720	6720	6720	6720	6720	6720
330	671	6530	6350	6530	6530	6350	6530	6710	6710	6710	6710	6710	6710	6710	6710	6710	6710	6710	6710
331	670	6514	6328	6514	6514	6328	6514	6700	6700	6700	6700	6700	6700	6700	6700	6700	6700	6700	6700
332	669	6498	6306	6498	6498	6306	6498	6690	6690	6690	6690	6690	6690	6690	6690	6690	6690	6690	6690
333	668	6482	6284	6482	6482	6284	6482	6680	6680	6680	6680	6680	6680	6680	6680	6680	6680	6680	6680
334	667	6466	6262	6466	6466	6262	6466	6670	6670	6670	6670	6670	6670	6670	6670	6670	6670	6670	6670
335	666	6450	6240	6450	6450	6240	6450	6660	6660	6660	6660	6660	6660	6660	6660	6660	6660	6660	6660
336	665	6434	6218	6434	6434	6218	6434	6650	6650	6650	6650	6650	6650	6650	6650	6650	6650	6650	6650
337	664	6418	6196	6418	6418	6196	6418	6640	6640	6640	6640	6640	6640	6640	6640	6640	6640	6640	6640
338	663	6402	6174	6402	6402	6174	6402	6630	6630	6630	6630	6630	6630	6630	6630	6630	6630	6630	6630
339	662	6386	6152	6386	6386	6152	6386	6620	6620	6620	6620	6620	6620	6620	6620	6620	6620	6620	6620
340	661	6370	6130	6370	6370	6130	6370	6610	6610	6610	6610	6610	6610	6610	6610	6610	6610	6610	6610
341	660	6354	6108	6354	6354	6108	6354	6600	6600	6600	6600	6600	6600	6600	6600	6600	6600	6600	6600
342	659	6338	6086	6338	6338	6086	6338	6590	6590	6590	6590	6590	6590	6590	6590	6590	6590	6590	6590
343	658	6322	6064	6322	6322	6064	6322	6580	6580	6580	6580	6580	6580	6580	6580	6580	6580	6580	6580
344	657	6306	6042	6306	6306	6042	6306	6570	6570	6570	6570	6570	6570	6570	6570	6570	6570	6570	6570
345	656	6290	6020	6290	6290	6020	6290	6560	6560	6560	6560	6560	6560	6560	6560	6560	6560	6560	6560
346	655	6274	5998	6274	6274	5998	6274	6550	6550	6550	6550	6550	6550	6550	6550	6550	6550	6550	6550
347	654	6258	5976	6258	6258	5976	6258	6540	6540	6540	6540	6540	6540	6540	6540	6540	6540	6540	6540
348	653	6242	5954	6242	6242	5954	6242	6530	6530	6530	6530	6530	6530	6530	6530	6530	6530	6530	6530
349	652	6226	5932	6226	6226	5932	6226	6520	6520	6520	6520	6520	6520	6520	6520	6520	6520	6520	6520
350	651	6210	5910	6210	6210	5910	6210	6510	6510	6510	6510	6510	6510	6510	6510	6510	6510	6510	6510
351	650	6194	5888	6194	6194	5888	6194	6500	6500	6500	6500	6500	6500	6500	6500	6500	6500	6500	6500
352	649	6178	5866	6178	6178	5866	6178	6490	6490	6490	6490	6490	6490	6490	6490	6490	6490	6490	6490
353	648	6162	5844	6162	6162	5844	6162	6480	6480	6480	6480	6480	6480	6480	6480	6480	6480	6480	6480
354	647	6146	5822	6146	6146	5822	6146	6470	6470	6470	6470	6470	6470	6470	6470	6470	6470	6470	6470
355	646	6130	5800	6130	6130	5800	6130	6460	6460	6460	6460	6460	6460	6460	6460	6460	6460	6460	6460
356	645	6114	5778	6114	6114	5778	6114	6450	6450	6450	6450	6450	6450	6450	6450	6450	6450	6450	6450
357	644	6098	5756	6098	6098	5756	6098	6440	6440	6440	6440	6440	6440	6440	6440	6440	6440	6440	6440
358	643	6082	5734	6082	6082	5734	6082	6430	6430	6430	6430	6430	6430	6430	6430	6430	6430	6430	6430
359	642	6066	5712	6066	6066	5712	6066	6420	6420	6420	6420	6420	6420	6420	6420	6420	6420	6420	6420
360	641	6050	5690	6050	6050	5690	6050	6410	6410	6410	6410	6410	6410	6410	6410	6410	6410	6410	6410
361	640	6034	5668	6034	6034	5668	6034	6400	6400	6400	6400	6400	6400	6400	6400	6400	6400	6400	6400
362	639	6018	5646	6018	6018	5646	6018	6390	6390	6390	6390	6390	6390	6390	6390	6390	6390	6390	6390
363	638	6002	5624	6002	6002	5624	6002	6380	6380	6380	6380	6380	6380	6380	6380	6380	6380	6380	6380
364	637	5986	5602	5986	5986	5602	5986	6370	6370	6370	6370	6370	6370	6370	6370	6370	6370	6370	6370
365	636	5970	5580	5970	5970	5580	5970	6360	6360	6360	6360	6360	6360	6360	6360	6360	6360	6360	6360
366	635	5954	5558	5954	5954	5558	5954	6350	6350	6350	6350	6350	6350	6350	6350	6350	6350	6350	6350
367	634	5938	5536	5938	5938	5536	5938	6340	6340	6340	6340	6340	6340	6340	6340	6340	6340	6340	6340
368	633	5922	5514	5922	5922	5514	5922	6330	6330	6330	6330	6330	6330	6330	6330	6330	6330	6330	6330
369	632	5906	5492	5906	5906	5492	5906	6320	6320	6320	6320	6320	6320	6320	6320	6320	6320	6320	6320
370	631	5890	5470	5890	5890	5470	5890	6310	6310	6310	6310	6310	6310	6310	6310	6310	6310	6310	6310
371	630	5874	5448	5874	5874	5448	5874	6300	6300	6300	6300	6300	6300	6300	6300	6300	6300	6300	6300
372	629	5858	5426	5858	5858	5426	5858	6290	6290	6290	6290	6290	6290	6290	6290	6290	6290	6290	6290
373	628	5842	5404	5842	5842	5404	5842	6280	6280	6280	6280	6280	6280	6280	6280	6280	6280	6280	6280
374	627	5826	5382	5826	5826	5382	5826	6270	6270	6270	6270	6270	6270	6270	6270	6270	6270	6270	6270
375	626	5810	5360	5810	5810	5360	5810	6260	6260	6260	6260	6260	6260	6260	6260	6260	6260	6260	6260
376	625	5794	5338	5794	5794	5338	5794	6250	6250	6250	6250	6250	6250	6250	6250	6250	6250	6250	6250
377	624	5778	5316	5778	5778	5316	5778	6240	6240	6240	6240	6240	6240	6240	6240	6240	6240	6240	6240
378	623	5762	5294	5762	5762	5294	5762	6230	6230	6230	6230	6230	6230	6230	6230	6230	6230	6230	6230
379	622	5746	5272	5746	5746	5272	5746	6220	6220	6220	6220	6220	6220	6220	6220	6220	6220	6220	6220
380	621	5730	5250	5730	5730	5250	5730	6210	6210	6210	6210	6210	6210	6210	6210	6210	6210	6210	6210
381	620	5714	5228	5714	5714	5228	5714	6200	6200	6200	6200	6200	6200	6200	6200	6200	6200	6200	6200
382	619	5698	5206	5698	5698	5206	5698	6190	6190	6190	6190	6190	6190	6190	6190	6190	6190	6190	6190
383	618	5682	5184	5682	5682	5184	5682	6180	6180	6180	6180	6180	6180	6180	6180	6180	6180	6180	6180
384	617	5666	5162	5666	5666	5162	5666	6170	6170	6170	6170	6170	6170	6170	6170	6170	6170	6170	6170
385	616	5650	5140	5650	5650	5140	5650	6160	6160	6160	6160	6160	6160	6160	6160	6160	6160	6160	6160
386	615	5634	5118	5634	5634	5118	5634	6150	6150	6150	6150	6150	6150	6150	6150	6150	6150	6150	6150
387	614	5618	5096	5618	5618	5096	5618	6140	6140	6140	6140	6140	6140	6140	6140	6140	6140	6140	6140
388	613	5602	5074	5602	5602	5074	5602	6130	6130	6130	6130	6130	6130	6130	6130	6130	6130	6130	6130
389	612	5586	5052	5586	5586	5052	5586	6120	6120	6120	6120	6120	6120	6120	6120	6120	6120	6120	6120
390	611	5570	5030	5570	5570	5030	5570	6110	6110	6110	6110	6110	6110	6110	6110	6110	6110	6110	6110
391	610	5554	5008	5554	5554	5008	5554	6100	6100	6100	6100	6100	6100	6100	6100	6100	6100	6100	6100
392	609	5538	4986	5538	5538	4986	5538	6090	6090	6090	6090	6090	6090	6090	6090	6090	6090	6090	6090
393	608	5522	4964	5522	5522	4964	5522	6080	6080	6080	6080	6080	6080	6080	6080	6080	6080	6080	6080
394	607	5506	4942	5506	5506	4942	5506	6070	6070	6070	6070	6070	6070	6070	6070	6070	6070	6070	6070
395	606	5490	4920	5490	5490	4920	5490	6060	6060	6060	6060	6060	6060	6060	6060	6060	6060	6060	6060
396	605	5474	4898	5474	5474	4898	5474	6050	6050	6050	6050	6050	6050	6050	6050	6050	6050	6050	6050
397	604	5458	4876	5458	5458	4876	5458	6040	6040	6040	6040	6040	6040	6040	6040	6040	6040	6040	6040
398	603	5442	4854	5442	5442	4854	5442	6030	6030	6030	6030	6030	6030	6030	6030	6030	6030	6030	6030
399	602	5426	4832	5426	5426	4832	5426	6020	6020	6020	6020	6020	6020	6020	6020	6020	6020	6020	6020
400	601	5410	4810	5410	5410	4810	5410	6010	6010	6010	6010	6010	6010	6010	6010	6010	6010	6010	6010
401	600	5394	4788	5394	5394	4788	5394	6000	6000	6000	6000	6000	6000	6000	6000	6000	6000	6000	6000
402	599	5378	4766	5378	5378	4766	5378	5990	5990	5990	5990	5990	5990	5990	5990	5990	5990	5990	5990
403	598	5362	4744	5362	5362	4744	5362	5980	5980	5980	5980	5980	5980	5980	5980	5980	5980	5980	5980
404	597	5346	4722	5346	5346	4722	5346	5970	5970	5970	5970	5970	5970	5970	5970	5970	5970	5970	5970
405	596	5330	4700	5330	5330	4700	5330	5960	5960	5960	5960	5960	5960	5960	5960	5960	5960	5960	5960
406	595	5314	4678	5314	5314	4678	5314	5950	5950	5950	5950	5950	5950	5950	5950	5950	5950	5950	5950
407	594	5298	4656	5298	5298	4656	5298	5940	5940	5940	5940	5940	5940	5940	5940	5940	5940	5940	5940
408	593	5282	4634	5282	5282	4634	5282	5930	5930	5930	5930	5930	5930	5930	5930	5930	5930	5930	5930
409	592	5266	4612	5266	5266	4612	5266	5920	5920	5920	5920	5920	5920	5920	5920	5920	5920	5920	5920
410	591	5250	4590	5250	5250	4590	5250	5910	5910	5910	5910	5910	5910	5910	5910	5910	5910	5910	5910
411	590	5234	4568	5234	5234	4568	5234	5900	5900	5900	5900	5900	5900	5900	5900	5900	5900	5900	5900
412	589	5218	4546	5218	5218	4546	5218	5890	5890	5890	5890	5890	5890	5890	5890	5890	5890	5890	5890
413	588	5202	4524	5202	5202	4524	5202	5880	5880	5880	5880	5880	5880	5880	5880	5880	5880	5880	5880
414	587	5186	4502	5186	5186	4502	5186	5870	5870	5870	5870	5870	5870	5870	5870	5870	5870	5870	5870
415	586	5170	4480	5170	5170	4480	5170	5860	5860	5860	5860	5860	5860	5860	5860	5860	5860	5860	5860
416	585	5154	4458	5154	5154	4458	5154	5850	5850	5850	5850	5850	5850	5850	5850	5850	5850	5850	5850
417	584	5138	4436	5138	5138	4436	5138	5840	5840	5840	5840	5840	5840	5840	5840	5840	5840	5840	5840
418	583	5122	4414	5122	5122	4414	5122	5830	5830	5830	5830	5830	5830	5830	5830	5830	5830	5830	5830
419	582	5106	4392	5106	5106	4392	5106	5820	5820	5820	5820	5820	5820	5820	5820	5820	5820	5820	5820
420	581	5090	4370	5090	5090	4370	5090	5810	5810	5810	5810	5810	5810	5810	5810	5810	5810	5810	5810
421	580	5074	4348	5074	5074	4348	5074	5800	5800	5800	5800	5800	5800	5800	5800	5800	5800	5800	5800
422	579	5058	4326	5058	5058	4326	5058	5790	5790	5790	5790	5790	5790	5790	5790	5790	5790	5790	5790
423	578	5042	4304	5042	5042	4304	5042	5780	5780	5780	5780	5780	5780	5780	5780	5780	5780	5780	5780
424	577	5026	4282	5026	5026	4282	5026	5770	5770	5770	5770	5770	5770	5770	5770	5770	5770	5770	5770
425	576	5010	4260	5010	5010	4260	5010	5760	5760	5760	5760	5760	5760	5760	5760	5760	5760	5760	5760
426	575	4994	4238	4994	4994	4238	4994	5750	5750	5750	5750	5750	5750	5750	5750	5750	5750	5750	5750
427	574	4978	4216	4978	4978	4216	4978	5740	5740	5740	5740	5740	5740	5740	5740	5740	5740	5740	5740
428	573	4962	4194	4962	4962	4194	4962	5730	5730	5730	5730	5730	5730	5730	5730	5730	5730	5730	5730
429	572	4946	4172	4946	4946	4172	4946	5720	5720	5720	5720	5720	5720	5720	5720	5720	5720	5720	5720
430	571	4930	4150	4930	4930	4150	4930	5710	5710	5710	5710	5710	5710	5710	5710	5710	5710	5710	5710
431	570	4914	4128	4914	4914	4128	4914	5700	5700	5700	5700	5700	5700	5700	5700	5700	5700	5700	5700
432	569	4898	4106	4898	4898	4106	4898	5690	5690	5690	5690	5690	5690	5690	5690	5690	5690	5690	5690
433	568	4882	4084	4882	4882	4084	4882	5680	5680	5680	5680	5680	5680	5680	5680	5680	5680	5680	5680
434	567	4866	4062	4866	4866	4062	4866	5670	5670	5670	5670	5670	5670	5670	5670	5670	5670	5670	5670
435	566	4850	4040	4850	4850	4040	4850	5660	5660	5660	5660	5660	5660	5660	5660	5660	5660	5660	5660
436	565	4834	4018	4834	4834	4018	4834	5650	5650	5650	5650	5650	5650	5650	5650	5650	5650	5650	5650
437	564	4818	3996	4818	4818	3996	4818	5640	5640	5640	5640	5640	5640	5640	5640	5640	5640	5640	5640
438	563	4802	3974	4802	4802	3974	4802	5630	5630	5630	5630	5630	5630	5630	5630	5630	5630	5630	5630
439	562	4786	3952	4786	4786	3952	4786	5620	5620	5620	5620	5620	5620	5620	5620	5620	5620	5620	5620
440	561	4770	3930	4770	4770	3930	4770	5610	5610	5610	5610	5610	5610	5610	5610	5610	5610	5610	5610
441	560	4754	3908	4754	4754	3908	4754	5600	5600	5600	5600	5600	5600	5600	5600	5600	5600	5600	5600
442	559	4738	3886	4738	4738	3886	4738	5590	5590	5590	5590	5590	5590	5590	5590	5590	5590	5590	5590
443	558	4722	3864	4722	4722	3864	4722	5580	5580	5580	5580	5580	5580	5580	5580	5580	5580	5580	5580
444	557	4706	3842	4706	4706	3842	4706	5570	5570	5570	5570	5570	5570	5570	5570	5570	5570	5570	5570
445	556	4690	3820	4690	4690	3820	4690	5560	5560	5560	5560	5560	5560	5560	5560	5560	5560	5560	5560
446	555	4674	3798	4674	4674	3798	4674	5550	5550	5550	5550	5550	5550	5550	5550	5550	5550	5550	5550
447	554	4658	3776	4658	4658	3776	4658	5540	5540	5540	5540	5540	5540	5540	5540	5540	5540	5540	5540
448	553	4642	3754	4642	4642	3754	4642	5530	5530	5530	5530	5530	5530	5530	5530	5530	5530	5530	5530
449	552	4626	3732	4626	4626	3732	4626	5520	5520	5520	5520	5520	5520	5520	5520	5520	5520	5520	5520
450	551	4610	3710	4610	4610	3710	4610	5510	5510	5510	5510	5510	5510	5510	5510	5510	5510	5510	5510
451	550	4594	3688	4594	4594	3688	4594	5500	5500	5500	5500	5500	5500	5500	5500	5500	5500	5500	5500
452	549	4578	3666	4578	4578	3666	4578	5490	5490	5490	5490	5490	5490	5490	5490	5490	5490	5490	5490
453	548	4562	3644	4562	4562	3644	4562	5480	5480	5480	5480	5480	5480	5480	5480	5480	5480	5480	5480
454	547	4546	3622	4546	4546	3622	4546	5470	5470	5470	5470	5470	5470	5470	5470	5470	5470	5470	5470
455	546	4530	3600	4530	4530	3600	4530	5460	5460	5460	5460	5460	5460	5460	5460	5460	5460	5460	5460
456	545	4514	3578	4514	4514	3578	4514	5450	5450	5450	5450	5450	5450	5450	5450	5450	5450	5450	5450
457	544	4498	3556	4498	4498	3556	4498	5440	5440	5440	5440	5440	5440	5440	5440	5440	5440	5440	5440
458	543	4482	3534	4482	4482	3534	4482	5430	5430	5430	5430	5430	5430	5430	5430	5430	5430	5430	5430
459	542	4466	3512	4466	4466	3512	4466	5420	5420	5420	5420	5420	5420	5420	5420	5420	5420	5420	5420
460	541	4450	3490	4450	4450	3490	4450	5410	5410	5410	5410	5410	5410	5410	5410	5410	5410	5410	5410
461	540	4434	3468	4434	4434	3468	4434	5400	5400	5400	5400	5400	5400	5400	5400	5400	5400	5400	5400
462	539	4418	3446	4418	4418	3446	4418	5390	5390	5390	5390	5390	5390	5390	5390	5390	5390	5390	5390
463	538	4402	3424	4402	4402	3424	4402	5380	5380	5380	5380	5380	5380	5380	5380	5380	5380	5380	5380
464	537	4386	3402	4386	4386	3402	4386	5370	5370	5370	5370	5370	5370	5370	5370	5370	5370	5370	5370
465	536	4370	3380	4370	4370	3380	4370	5360	5360	5360	5360	5360	5360	5360	5360	5360	5360	5360	5360
466	535	4354	3358	4354	4354	3358	4354	5350	5350	5350	5350	5350	5350	5350	5350	5350	5350	5350	5350
467	534	4338	3336	4338	4338	3336	4338	5340	5340	5340	5340	5340	5340	5340	5340	5340	5340	5340	5340
468	533	4322	3314	4322	4322	3314	4322	5330	5330	5330	5330	5330	5330	5330	5330	5330	5330	5330	5330
469	532	4306	3292	4306	4306	3292	4306	5320	5320	5320	5320	5320	5320	5320	5320	5320	5320	5320	5320
470	531	4290	3270	4290	4290	3270	4290	5310	5310	5310	5310	5310	5310	5310	5310	5310	5310	5310	5310
471	530	4274	3248	4274	4274	3248	4274	5300	5300	5300	5300	5300	5300	5300	5300	5300	5300	5300	5300
472	529	4258	3226	4258	4258	3226	4258	5290	5290	5290	5290	5290	5290	5290	5290	5290	5290	5290	5290
473	528	4242	3204	4242	4242	3204	4242	5280	5280	5280	5280	5280	5280	5280	5280	5280	5280	5280	5280
474	527	4226	3182	4226	4226	3182	4226	5270	5270	5270	5270	5270	5270	5270	5270	5270	5270	5270	5270
475	526	4210	3160	4210	4210	3160	4210	5260	5260	5260	5260	5260	5260	5260	5260	5260	5260	5260	5260
476	525	4194	3138	4194	4194	3138	4194	5250	5250	5250	5250	5250	5250	5250	5250	5250	5250	5250	5250
477	524	4178	3116	4178	4178	3116	4178	5240	5240	5240	5240	5240	5240	5240	5240	5240	5240	5240	5240
478	523	4162	3094	4162	4162	3094	4162	5230	5230	5230	5230	5230	5230	5230	5230	5230	5230	5230	5230
479	522	4146	3072	4146	4146	3072	4146	5220	5220	5220	5220	5220	5220	5220	5220	5220	5220	5220	5220
480	521	4130	3050	4130	4130	3050	4130	5210	5210	5210	5210	5210	5210	5210	5210	5210	5210	5210	5210
481	520	4114	3028	4114	4114	3028	4114	5200	5200	5200	5200	5200	5200	5200	5200	5200	5200	5200	5200
482	519	4098	3006	4098	4098	3006	4098	5190	5190	5190	5190	5190	5190	5190	5190	5190	5190	5190	5190
483	518	4082	2984	4082	4082	2984	4082	5180	5180	5180	5180	5180	5180	5180	5180	5180	5180	5180	5180
484	517	4066	2962	4066	4066	2962	4066	5170	5170	5170	5170	5170	5170	5170	5170	5170	5170	5170	5170
485	516	4050	2940	4050	4050	2940	4050	5160	5160	5160	5160	5160	5160	5160	5160	5160	5160	5160	5160
486	515	4034	2918	4034	4034	2918	4034	5150	5150	5150	5150	5150	5150	5150	5150	5150	5150	5150	5150
487	514	4018	2896	4018	4018	2896	4018	5140	5140	5140	5140	5140	5140	5140	5140	5140	5140	5140	5140
488	513	4002	2874	4002	4002	2874	4002	5130	5130	5130	5130	5130	5130	5130	5130	5130	5130	5130	5130
489	512	3986	2852	3986	3986	2852	3986	5120	5120	5120	5120	5120	5120	5120	5120	5120	5120	5120	5120
490	511	3970	2830	3970	3970	2830	3970	5110	5110	5110	5110	5110	5110	5110	5110	5110	5110	5110	5110
491	510	3954	2808	3954	3954	2808	3954	5100	5100	5100	5100	5100	5100	5100	5100	5100	5100	5100	5100
492	509	3938	2786	3938	3938	2786	3938	5090	5090	5090	5090	5090	5090	5090	5090	5090	5090	5090	5090
493	508	3922	2764	3922	3922	2764	3922	5080	5080	5080	5080	5080	5080	5080	5080	5080	5080	5080	5080
494	507	3906	2742	3906	3906	2742	3906	5070	5070	5070	5070	5070	5070	5070	5070	5070	5070	5070	5070
495	506	3890	2720	3890	3890	2720	3890	5060	5060	5060	5060	5060	5060	5060	5060	5060	5060	5060	5060
496	505	3874	2698	3874	3874	2698	3874	5050	5050	5050	5050	5050	5050	5050	5050	5050	5050	5050	5050
497	504	3858	2676	3858	3858	2676	3858	5040	5040	5040	5040	5040	5040	5040	5040	5040	5040	5040	5040
498	503	3842	2654	3842	3842	2654	3842	5030	5030	5030	5030	5030	5030	5030	5030	5030	5030	5030	5030
499	502	3826	2632	3826	3826	2632	3826	5020	5020	5020	5020	5020	5020	5020	5020	5020	5020	5020	5020
500	501	3810	2610	3810	3810	2610	3810	5010	5010	5010	5010	5010	5010	5010	5010	5010	5010	5010	5010
501	500	3790	2600	3790	3790	2600	3790	5000	5000	5000	5000	5000	5000	5000	5000	5000	5000	5000	5000
502	499	3770	2590	3770	3770	2590	3770	4990	4990	4990	4990	4990	4990	4990	4990	4990	4990	4990	4990
503	498	3750	2580	3750	3750	2580	3750	4980	4980	4980	4980	4980	4980	4980	4980	4980	4980	4980	4980
504	497	3730	2570	3730	3730	2570	3730	4970	4970	4970	4970	4970	4970	4970	4970	4970	4970	4970	4970
505	496	3710	2560	3710	3710	2560	3710	4960	4960	4960	4960	4960	4960	4960	4960	4960	4960	4960	4960
506	495	3690	2550	3690	3690	2550	3690	4950	4950	4950	4950	4950	4950	4950	4950	4950	4950	4950	4950
507	494	3670	2540	3670	3670	2540	3670	4940	4940	4940	4940	4940	4940	4940	4940	4940	4940	4940	4940
508	493	3650	2530	3650	3650	2530	3650	4930	4930	4930	4930	4930	4930	4930	4930	4930	4930	4930	4930
509	492	3630	2520	3630	3630	2520	3630	4920	4920	4920	4920	4920	4920	4920	4920	4920	4920	4920	4920
510	491	3610	2510	3610	3610	2510	3610	4910	4910	4910	4910	4910	4910	4910	4910	4910	4910	4910	4910
511	490	3590	2500	3590	3590	2500	3590	4900	4900	4900	4900	4900	4900	4900	4900	4900	4900	4900	4900
512	489	3570	2490	3570	3570	2490	3570	4890	4890	4890	4890	4890	4890	4890	4890	4890	4890	4890	4890
513	488	3550	2480	3550	3550	2480	3550	4880	4880	4880	4880	4880	4880	4880	4880	4880	4880	4880	4880
514	487	3530	2470	3530	3530	2470	3530	4870	4870	4870	4870	4870	4870	4870	4870	4870	4870	4870	4870
515	486	3510	2460	3510	3510	2460	3510	4860	4860	4860	4860	4860	4860	4860	4860	4860	4860	4860	4860
516	485	3490	2450	3490	3490	2450	3490	4850	4850	4850	4850	4850	4850	4850	4850	4850	4850	4850	4850
517	484	3470	2440	3470	3470	2440	3470	4840	4840	4840	4840	4840	4840	4840	4840	4840	4840	4840	4840
518	483	3450	2430	3450	3450	2430	3450	4830	4830	4830	4830	4830	4830	4830	4830	4830	4830	4830	4830
519	482	3430	2420	3430	3430	2420	3430	4820	4820	4820	4820	4820	4820	4820	4820	4820	4820	4820	4820
520	481	3410	2410	3410	3410	2410	3410	4810	4810	4810	4810	4810	4810	4810	4810	4810	4810	4810	4810
521	480	3390	2400	3390	3390	2400	3390	4800	4800	4800	4800	4800	4800	4800	4800	4800	4800	4800	4800
522	479	3370	2390	3370	3370	2390	3370	4790	4790	4790	4790	4790	4790	4790	4790	4790	4790	4790	4790
523	478	3350	2380	3350	3350	2380	3350	4780	4780	4780	4780	4780	4780	4780	4780	4780	4780	4780	4780
524	477	3330	2370	3330	3330	2370	3330	4770	4770	4770	4770	4770	4770	4770	4770	4770	4770	4770	4770
525	476	3310	2360	3310	3310	2360	3310	4760	4760	4760	4760	4760	4760	4760	4760	4760	4760	4760	4760
526	475	3290	2350	3290	3290	2350	3290	4750	4750	4750	4750	4750	4750	4750	4750	4750	4750	4750	4750
527	474	3270	2340	3270	3270	2340	3270	4740	4740	4740	4740	4740	4740	4740	4740	4740	4740	4740	4740
528	473	3250	2330	3250	3250	2330	3250	4730	4730	4730	4730	4730	4730	4730	4730	4730	4730	4730	4730
529	472	3230	2320	3230	3230	2320	3230	4720	4720	4720	4720	4720	4720	4720	4720	4720	4720	4720	4720
530	471	3210	2310	3210	3210	2310	3210	4710	4710	4710	4710	4710	4710	4710	4710	4710	4710	4710	4710
531	470	3190	2300	3190	3190	2300	3190	4700	4700	4700	4700	4700	4700	4700	4700	4700	4700	4700	4700
532	469	3170	2290	3170	3170	2290	3170	4690	4690	4690	4690	4690	4690	4690	4690	4690	4690	4690	4690
533	468	3150	2280	3150	3150	2280	3150	4680	4680	4680	4680	4680	4680	4680	4680	4680	4680	4680	4680
534	467	3130	2270	3130	3130	2270	3130	4670	4670	4670	4670	4670	4670	4670	4670	4670	4670	4670	4670
535	466	3110	2260	3110	3110	2260	3110	4660	4660	4660	4660	4660	4660	4660	4660	4660	4660	4660	4660
536	465	3090	2250	3090	3090	2250	3090	4650	4650	4650	4650	4650	4650	4650	4650	4650	4650	4650	4650
537	464	3070	2240	3070	3070	2240	3070	4640	4640	4640	4640	4640	4640	4640	4640	4640	4640	4640	4640
538	463	3050	2230	3050	3050	2230	3050	4630	4630	4630	4630	4630	4630	4630	4630	4630	4630	4630	4630
539	462	3030	2220	3030	3030	2220	3030	4620	4620	4620	4620	4620	4620	4620	4620	4620	4620	4620	4620
540	461	3010	2210	3010	3010	2210	3010	4610	4610	4610	4610	4610	4610	4610	4610	4610	4610	4610	4610
541	460	2990	2200	2990	2990	2200	2990	4600	4600	4600	4600	4600	4600	4600	4600	4600	4600	4600	4600
542	459	2970	2190	2970	2970	2190	2970	4590	4590	4590	4590	4590	4590	4590	4590	4590	4590	4590	4590
543	458	2950	2180	2950	2950	2180	2950	4580	4580	4580	4580	4580	4580	4580	4580	4580	4580	4580	4580
544	457	2930	2170	2930	2930	2170	2930	4570	4570	4570	4570	4570	4570	4570	4570	4570	4570	4570	4570
545	456	2910	2160	2910	2910	2160	2910	4560	4560	4560	4560	4560	4560	4560	4560	4560	4560	4560	4560
546	455	2890	2150	2890	2890	2150	2890	4550	4550	4550	4550	4550	4550	4550	4550	4550	4550	4550	4550
547	454	2870	2140	2870	2870	2140	2870	4540	4540	4540	4540	4540	4540	4540	4540	4540	4540	4540	4540
548	453	2850	2130	2850	2850	2130	2850	4530	4530	4530	4530	4530	4530	4530	4530	4530	4530	4530	4530
549	452	2830	2120	2830	2830	2120	2830	4520	4520	4520	4520	4520	4520	4520	4520	4520	4520	4520	4520
550	451	2810	2110	2810	2810	2110	2810	4510	4510	4510	4510	4510	4510	4510	4510	4510	4510	4510	4510
551	450	2790	2100	2790	2790	2100	2790	4500	4500	4500	4500	4500	4500	4500	4500	4500	4500	4500	4500
552	449	2770	2090	2770	2770	2090	2770	4490	4490	4490	4490	4490	4490	4490	4490	4490	4490	4490	4490
553	448	2750	2080	2750	2750	2080	2750	4480	4480	4480	4480	4480	4480	4480	4480	4480	4480	4480	4480
554	447	2730	2070	2730	2730	2070	2730	4470	4470	4470	4470	4470	4470	4470	4470	4470	4470	4470	4470
555	446	2710	2060	2710	2710	2060	2710	4460	4460	4460	4460	4460	4460	4460	4460	4460	4460	4460	4460
556	445	2690	2050	2690	2690	2050	2690	4450	4450	4450	4450	4450	4450	4450	4450	4450	4450	4450	4450
557	444	2670	2040	2670	2670	2040	2670	4440	4440	4440	4440	4440	4440	4440	4440	4440	4440	4440	4440
558	443	2650	2030	2650	2650	2030	2650	4430	4430	4430	4430	4430	4430	4430	4430	4430	4430	4430	4430
559	442	2630	2020	2630	2630	2020	2630	4420	4420	4420	4420	4420	4420	4420	4420	4420	4420	4420	4420
560	441	2610	2010	2610	2610	2010	2610	4410	4410	4410	4410	4410	4410	4410	4410	4410	4410	4410	4410
561	440	2590	2000	2590	2590	2000	2590	4400	4400	4400	4400	4400	4400	4400	4400	4400	4400	4400	4400
562	439	2570	1990	2570	2570	1990	2570	4390	4390	4390	4390	4390	4390	4390	4390	4390	4390	4390	4390
563	438	2550	1980	2550	2550	1980	2550	4380	4380	4380	4380	4380	4380	4380	4380	4380	4380	4380	4380
564	437	2530	1970	2530	2530	1970	2530	4370	4370	4370	4370	4370	4370	4370	4370	4370	4370	4370	4370
565	436	2510	1960	2510	2510	1960	2510	4360	4360	4360	4360	4360	4360	4360	4360	4360	4360	4360	4360
566	435	2490	1950	2490	2490	1950	2490	4350	4350	4350	4350	4350	4350	4350	4350	4350	4350	4350	4350
567	434	2470	1940	2470	2470	1940	2470	4340	4340	4340	4340	4340	4340	4340	4340	4340	4340	4340	4340
568	433	2450	1930	2450	2450	1930	2450	4330	4330	4330	4330	4330	4330	4330	4330	4330	4330	4330	4330
569	432	2430	1920	2430	2430	1920	2430	4320	4320	4320	4320	4320	4320	4320	4320	4320	4320	4320	4320
570	431	2410	1910	2410	2410	1910	2410	4310	4310	4310	4310	4310	4310	4310	4310	4310	4310	4310	4310
571	430	2390	1900	2390	2390	1900	2390	4300	4300	4300	4300	4300	4300	4300	4300	4300	4300	4300	4300
572	429	2370	1890	2370	2370	1890	2370	4290	4290	4290	4290	4290	4290	4290	4290	4290	4290	4290	4290
573	428	2350	1880	2350	2350	1880	2350	4280	4280	4280	4280	4280	4280	4280	4280	4280	4280	4280	4280
574	427	2330	1870	2330	2330	1870	2330	4270	4270	4270	4270	4270	4270	4270	4270	4270	4270	4270	4270
575	426	2310	1860	2310	2310	1860	2310	4260	4260	4260	4260	4260	4260	4260	4260	4260	4260	4260	4260
576	425	2290	1850	2290	2290	1850	2290	4250	4250	4250	4250	4250	4250	4250	4250	4250	4250	4250	4250
577	424	2270	1840	2270	2270	1840	2270	4240	4240	4240	4240	4240	4240	4240	4240	4240	4240	4240	4240
578	423	2250	1830	2250	2250	1830	2250	4230	4230	4230	4230	4230	4230	4230	4230	4230	4230	4230	4230
579	422	2230	1820	2230	2230	1820	2230	4220	4220	4220	4220	4220	4220	4220	4220	4220	4220	4220	4220
580	421	2210	1810	2210	2210	1810	2210	4210	4210	4210	4210	4210	4210	4210	4210	4210	4210	4210	4210
581	420	2190	1800	2190	2190	1800	2190	4200	4200	4200	4200	4200	4200	4200	4200	4200	4200	4200	4200
582	419	2170	1790	2170	2170	1790	2170	4190	4190	4190	4190	4190	4190	4190	4190	4190	4190	4190	4190
583	418	2150	1780	2150	2150	1780	2150	4180	4180	4180	4180	4180	4180	4180	4180	4180	4180	4180	4180
584	417	2130	1770	2130	2130	1770	2130	4170	4170	4170	4170	4170	4170	4170	4170	4170	4170	4170	4170
585	416	2110	1760	2110	2110	1760	2110	4160	4160	4160	4160	4160	4160	4160	4160	4160	4160	4160	4160
586	415	2090	1750	2090	2090	1750	2090	4150	4150	4150	4150	4150	4150	4150	4150	4150	4150	4150	4150
587	414	2070	1740	2070	2070	1740	2070	4140	4140	4140	4140	4140	4140	4140	4140	4140	4140	4140	4140
588	413	2050	1730	2050	2050	1730	2050	4130	4130	4130	4130	4130	4130	4130	4130	4130	4130	4130	4130
589	412	2030	1720	2030	2030	1720	2030	4120	4120	4120	4120	4120	4120	4120	4120	4120	4120	4120	4120
590	411	2010	1710	2010	2010	1710	2010	4110	4110	4110	4110	4110	4110	4110	4110	4110	4110	4110	4110
591	410	1990	1700	1990	1990	1700	1990	4100	4100	4100	4100	4100	4100	4100	4100	4100	4100	4100	4100
592	409	1970	1690	1970	1970	1690	1970	4090	4090	4090	4090	4090	4090	4090	4090	4090	4090	4090	4090
593	408	1950	1680	1950	1950	1680	1950	4080	4080	4080	4080	4080	4080	4080	4080	4080	4080	4080	4080
594	407	1930	1670	1930	1930	1670	1930	4070	4070	4070	4070	4070	4070	4070	4070	4070	4070	4070	4070
595	406	1910	1660	1910	1910	1660	1910	4060	4060	4060	4060	4060	4060	4060	4060	4060	4060	4060	4060
596	405	1890	1650	1890	1890	1650	1890	4050	4050	4050	4050	4050	4050	4050	4050	4050	4050	4050	4050
597	404	1870	1640	1870	1870	1640	1870	4040	4040	4040	4040	4040	4040	4040	4040	4040	4040	4040	4040
598	403	1850	1630	1850	1850	1630	1850	4030	4030	4030	4030	4030	4030	4030	4030	4030	4030	4030	4030
599	402	1830	1620	1830	1830	1620	1830	4020	4020	4020	4020	4020	4020	4020	4020	4020	4020	4020	4020
600	401	1810	1610	1810	1810	1610	1810	4010	4010	4010	4010	4010	4010	4010	4010	4010	4010	4010	4010
601	400	1790	1600	1790	1790	1600	1790	4000	4000	4000	4000	4000	4000	4000	4000	4000	4000	4000	4000
602	399	1770	1590	1770	1770	1590	1770	3990	3990	3990	3990	3990	3990	3990	3990	3990	3990	3990	3990
603	398	1750	1580	1750	1750	1580	1750	3980	3980	3980	3980	3980	3980	3980	3980	3980	3980	3980	3980
604	397	1730	1570	1730	1730	1570	1730	3970	3970	3970	3970	3970	3970	3970	3970	3970	3970	3970	3970
605	396	1710	1560	1710	1710	1560	1710	3960	3960	3960	3960	3960	3960	3960	3960	3960	3960	3960	3960
606	395	1690	1550	1690	1690	1550	1690	3950	3950	3950	3950	3950	3950	3950	3950	3950	3950	3950	3950
607	394	1670	1540	1670	1670	1540	1670	3940	3940	3940	3940	3940	3940	3940	3940	3940	3940	3940	3940
608	393	1650	1530	1650	1650	1530	1650	3930	3930	3930	3930	3930	3930	3930	3930	3930	3930	3930	3930
609	392	1630	1520	1630	1630	1520	1630	3920	3920	3920	3920	3920	3920	3920	3920	3920	3920	3920	3920
610	391	1610	1510	1610	1610	1510	1610	3910	3910	3910	3910	3910	3910	3910	3910	3910	3910	3910	3910
611	390	1590	1500	1590	1590	1500	1590	3900	3900	3900	3900	3900	3900	3900	3900	3900	3900	3900	3900
612	389	1570	1490	1570	1570	1490	1570	3890	3890	3890	3890	3890	3890	3890	3890	3890	3890	3890	3890
613	388	1550	1480	1550	1550	1480	1550	3880	3880	3880	3880	3880	3880	3880	3880	3880	3880	3880	3880
614	387	1530	1470	1530	1530	1470	1530	3870	3870	3870	3870	3870	3870	3870	3870	3870	3870	3870	3870
615	386	1510	1460	1510	1510	1460	1510	3860	3860	3860	3860	3860	3860	3860	3860	3860	3860	3860	3860
616	385	1490	1450	1490	1490	1450	1490	3850	3850	3850	3850	3850	3850	3850	3850	3850	3850	3850	3850
617	384	1470	1440	1470	1470	1440	1470	3840	3840	3840	3840	3840	3840	3840	3840	3840	3840	3840	3840
618	383	1450	1430	1450	1450	1430	1450	3830	3830	3830	3830	3830	3830	3830	3830	3830	3830	3830	3830
619	382	1430	1420	1430	1430	1420	1430	3820	3820	3820	3820	3820	3820	3820	3820	3820	3820	3820	3820
620	381	1410	1410	1410	1410	1410	1410	3810	3810	3810	3810	3810	3810	3810	3810	3810	3810	3810	3810
621	380	1390	1400	1390	1390	1400	1390	3800	3800	3800	3800	3800	3800	3800	3800	3800	3800	3800	3800
622	379	1370	1390	1370	1370	1390	1370	3790	3790	3790	3790	3790	3790	3790	3790	3790	3790	3790	3790
623	378	1350	1380	1350	1350	1380	1350	3780	3780	3780	3780	3780	3780	3780	3780	3780	3780	3780	3780
624	377	1330	1370	1330	1330	1370	1330	3770	3770	3770	3770	3770	3770	3770	3770	3770	3770	3770	3770
625	376	1310	1360	1310	1310	1360	1310	3760	3760	3760	3760	3760	3760	3760	3760	3760	3760	3760	3760
626	375	1290	1350	1290	1290	1350	1290	3750	3750	3750	3750	3750	3750	3750	3750	3750	3750	3750	3750
627	374	1270	1340	1270	1270	1340	1270	3740	3740	3740	3740	3740	3740	3740	3740	3740	3740	3740	3740
628	373	1250	1330	1250	1250	1330	1250	3730	3730	3730	3730	3730	3730	3730	3730	3730	3730	3730	3730
629	372	1230	1320	1230	1230	1320	1230	3720	3720	3720	3720	3720	3720	3720	3720	3720	3720	3720	3720
630	371	1210	1310	1210	1210	1310	1210	3710	3710	3710	3710	3710	3710	3710	3710	3710	3710	3710	3710
631	370	1190	1300	1190	1190	1300	1190	3700	3700	3700	3700	3700	3700	3700	3700	3700	3700	3700	3700
632	369	1170	1290	1170	1170	1290	1170	3690	3690	3690	3690	3690	3690	3690	3690	3690	3690	3690	3690
633	368	1150	1280	1150	1150	1280	1150	3680	3680	3680	3680	3680	3680	3680	3680	3680	3680	3680	3680
634	367	1130	1270	1130	1130	1270	1130	3670	3670	3670	3670	3670	3670	3670	3670	3670	3670	3670	3670
635	366	1110	1260	1110	1110	1260	1110	3660	3660	3660	3660	3660	3660	3660	3660	3660	3660	3660	3660
636	365	1090	1250	1090	1090	1250	1090	3650	3650	3650	3650	3650	3650	3650	3650	3650	3650	3650	3650
637	364	1070	1240	1070	1070	1240	1070	3640	3640	3640	3640	3640	3640	3640	3640	3640	3640	3640	3640
638	363	1050	1230	1050	1050	1230	1050	3630	3630	3630	3630	3630	3630	3630	3630	3630	3630	3630	3630
639	362	1030	1220	1030	1030	1220	1030	3620	3620	3620	3620	3620	3620	3620	3620	3620	3620	3620	3620
640	361	1010	1210	1010	1010	1210	1010	3610	3610	3610	3610	3610	3610	3610	3610	3610	3610	3610	3610
641	360	990	1200	990	990	1200	990	3600	3600	3600	3600	3600	3600	3600	3600	3600	3600	3600	3600
642	359	970	1190	970	970	1190	970	3590	3590	3590	3590	3590	3590	3590	3590	3590	3590	3590	3590
643	358	950	1180	950	950	1180	950	3580	3580	3580	3580	3580	3580	3580	3580	3580	3580	3580	3580
644	357	930	1170	930	930	1170	930	3570	3570	3570	3570	3570	3570	3570	3570	3570	3570	3570	3570
645	356	910	1160	910	910	1160	910	3560	3560	3560	3560	3560	3560	3560	3560	3560	3560	3560	3560
646	355	890	1150	890	890	1150	890	3550	3550	3550	3550	3550	3550	3550	3550	3550	3550	3550	3550
647	354	870	1140	870	870	1140	870	3540	3540	3540	3540	3540	3540	3540	3540	3540	3540	3540	3540
648	353	850	1130	850	850	1130	850	3530	3530	3530	3530	3530	3530	3530	3530	3530	3530	3530	3530
649	352	830	1120	830	830	1120	830	3520	3520	3520	3520	3520	3520	3520	3520	3520	3520	3520	3520
650	351	810	1110	810	810	1110	810	3510	3510	3510	3510	3510	3510	3510	3510	3510	3510	3510	3510
651	350	790	1100	790	790	1100	790	3500	3500	3500	3500	3500	3500	3500	3500	3500	3500	3500	3500
652	349	770	1090	770	770	1090	770	3490	3490	3490	3490	3490	3490	3490	3490	3490	3490	3490	3490
653	348	750	1080	750	750	1080	750	3480	3480	3480	3480	3480	3480	3480	3480	3480	3480	3480	3480
654	347	730	1070	730	730	1070	730	3470	3470	3470	3470	3470	3470	3470	3470	3470	3470	3470	3470
655	346	710	1060	710	710	1060	710	3460	3460	3460	3460	3460	3460	3460	3460	3460	3460	3460	3460
656	345	690	1050	690	690	1050	690	3450	3450	3450	3450	3450	3450	3450	3450	3450	3450	3450	3450
657	344	670	1040	670	670	1040	670	3440	3440	3440	3440	3440	3440	3440	3440	3440	3440	3440	3440
658	343	650	1030	650	650	1030	650	3430	3430	3430	3430	3430	3430	3430	3430	3430	3430	3430	3430
659	342	630	1020	630	630	1020	630	3420	3420	3420	3420	3420	3420	3420	3420	3420	3420	3420	3420
660	341	610	1010	610	610	1010	610	3410	3410	3410	3410	3410	3410	3410	3410	3410	3410	3410	3410
661	340	590	1000	590	590	1000	590	3400	3400	3400	3400	3400	3400	3400	3400	3400	3400	3400	3400
662	339	570	990	570	570	990	570	3390	3390	3390	3390	3390	3390	3390	3390	3390	3390	3390	3390
663	338	550	980	550	550	980	550	3380	3380	3380	3380	3380	3380	3380	3380	3380	3380	3380	3380
664	337	530	970	530	530	970	530	3370	3370	3370	3370	3370	3370	3370	3370	3370	3370	3370	3370
665	336	510	960	510	510	960	510	3360	3360	3360	3360	3360	3360	3360	3360	3360	3360	3360	3360
666	335	490	950	490	490	950	490	3350	3350	3350	3350	3350	3350	3350	3350	3350	3350	3350	3350
667	334	470	940	470	470	940	470	3340	3340	3340	3340	3340	3340	3340	3340	3340	3340	3340	3340
668	333	450	930	450	450	930	450	3330	3330	3330	3330	3330	3330	3330	3330	3330	3330	3330	3330
669	332	430	920	430	430	920	430	3320	3320	3320	3320	3320	3320	3320	3320	3320	3320	3320	3320
670	331	410	910	410	410	910	410	3310	3310	3310	3310	3310	3310	3310	3310	3310	3310	3310	3310
671	330	408	904	408	408	904	408	3300	3300	3300	3300	3300	3300	3300	3300	3300	3300	3300	3300
672	329	406	898	406	406	898	406	3290	3290	3290	3290	3290	3290	3290	3290	3290	3290	3290	3290
673	328	404	892	404	404	892	404	3280	3280	3280	3280	3280	3280	3280	3280	3280	3280	3280	3280
674	327	402	886	402	402	886	402	3270	3270	3270	3270	3270	3270	3270	3270	3270	3270	3270	3270
675	326	400	880	400	400	880	400	3260	3260	3260	3260	3260	3260	3260	3260	3260	3260	3260	3260
676	325	398	874	398	398	874	398	3250	3250	3250	3250	3250	3250	3250	3250	3250	3250	3250	3250
677	324	396	868	396	396	868	396	3240	3240	3240	3240	3240	3240	3240	3240	3240	3240	3240	3240
678	323	394	862	394	394	862	394	3230	3230	3230	3230	3230	3230	3230	3230	3230	3230	3230	3230
679	322	392	856	392	392	856	392	3220	3220	3220	3220	3220	3220	3220	3220	3220	3220	3220	3220
680	321	390	850	390	390	850	390	3210	3210	3210	3210	3210	3210	3210	3210	3210	3210	3210	3210
681	320	388	844	388	388	844	388	3200	3200	3200	3200	3200	3200	3200	3200	3200	3200	3200	3200
682	319	386	838	386	386	838	386	3190	3190	3190	3190	3190	3190	3190	3190	3190	3190	3190	3190
683	318	384	832	384	384	832	384	3180	3180	3180	3180	3180	3180	3180	3180	3180	3180	3180	3180
684	317	382	826	382	382	826	382	3170	3170	3170	3170	3170	3170	3170	3170	3170	3170	3170	3170
685	316	380	820	380	380	820	380	3160	3160	3160	3160	3160	3160	3160	3160	3160	3160	3160	3160
686	315	378	814	378	378	814	378	3150	3150	3150	3150	3150	3150	3150	3150	3150	3150	3150	3150
687	314	376	808	376	376	808	376	3140	3140	3140	3140	3140	3140	3140	3140	3140	3140	3140	3140
688	313	374	802	374	374	802	374	3130	3130	3130	3130	3130	3130	3130	3130	3130	3130	3130	3130
689	312	372	796	372	372	796	372	3120	3120	3120	3120	3120	3120	3120	3120	3120	3120	3120	3120
690	311	370	790	370	370	790	370	3110	3110	3110	3110	3110	3110	3110	3110	3110	3110	3110	3110
691	310	368	784	368	368	784	368	3100	3100	3100	3100	3100	3100	3100	3100	3100	3100	3100	3100
692	309	366	778	366	366	778	366	3090	3090	3090	3090	3090	3090	3090	3090	3090	3090	3090	3090
693	308	364	772	364	364	772	364	3080	3080	3080	3080	3080	3080	3080	3080	3080	3080	3080	3080
694	307	362	766	362	362	766	362	3070	3070	3070	3070	3070	3070	3070	3070	3070	3070	3070	3070
695	306	360	760	360	360	760	360	3060	3060	3060	3060	3060	3060	3060	3060	3060	3060	3060	3060
696	305	358	754	358	358	754	358	3050	3050	3050	3050	3050	3050	3050	3050	3050	3050	3050	3050
697	304	356	748	356	356	748	356	3040	3040	3040	3040	3040	3040	3040	3040	3040	3040	3040	3040
698	303	354	742	354	354	742	354	3030	3030	3030	3030	3030	3030	3030	3030	3030	3030	3030	3030
699	302	352	736	352	352	736	352	3020	3020	3020	3020	3020	3020	3020	3020	3020	3020	3020	3020
700	301	350	730	350	350	730	350	3010	3010	3010	3010	3010	3010	3010	3010	3010	3010	3010	3010
701	300	348	724	348	348	724	348	3000	3000	3000	3000	3000	3000	3000	3000	3000	3000	3000	3000
702	299	346	718	346	346	718	346	2990	2990	2990	2990	2990	2990	2990	2990	2990	2990	2990	2990
703	298	344	712	344	344	712	344	2980	2980	2980	2980	2980	2980	2980	2980	2980	2980	2980	2980
704	297	342	706	342	342	706	342	2970	2970	2970	2970	2970	2970	2970	2970	2970	2970	2970	2970
705	296	340	700	340	340	700	340	2960	2960	2960	2960	2960	2960	2960	2960	2960	2960	2960	2960
706	295	338	694	338	338	694	338	2950	2950	2950	2950	2950	2950	2950	2950	2950	2950	2950	2950
707	294	336	688	336	336	688	336	2940	2940	2940	2940	2940	2940	2940	2940	2940	2940	2940	2940
708	293	334	682	334	334	682	334	2930	2930	2930	2930	2930	2930	2930	2930	2930	2930	2930	2930
709	292	332	676	332	332	676	332	2920	2920	2920	2920	2920	2920	2920	2920	2920	2920	2920	2920
710	291	330	670	330	330	670	330	2910	2910	2910	2910	2910	2910	2910	2910	2910	2910	2910	2910
711	290	328	664	328	328	664	328	2900	2900	2900	2900	2900	2900	2900	2900	2900	2900	2900	2900
712	289	326	658	326	326	658	326	2890	2890	2890	2890	2890	2890	2890	2890	2890	2890	2890	2890
713	288	324	652	324	324	652	324	2880	2880	2880	2880	2880	2880	2880	2880	2880	2880	2880	2880
714	287	322	646	322	322	646	322	2870	2870	2870	2870	2870	2870	2870	2870	2870	2870	2870	2870
715	286	320	640	320	320	640	320	2860	2860	2860	2860	2860	2860	2860	2860	2860	2860	2860	2860
716	285	318	634	318	318	634	318	2850	2850	2850	2850	2850	2850	2850	2850	2850	2850	2850	2850
717	284	316	628	316	316	628	316	2840	2840	2840	2840	2840	2840	2840	2840	2840	2840	2840	2840
718	283	314	622	314	314	622	314	2830	2830	2830	2830	2830	2830	2830	2830	2830	2830	2830	2830
719	282	312	616	312	312	616	312	2820	2820	2820	2820	2820	2820	2820	2820	2820	2820	2820	2820
720	281	310	610	310	310	610	310	2810	2810	2810	2810	2810	2810	2810	2810	2810	2810	2810	2810
721	280	308	604	308	308	604	308	2800	2800	2800	2800	2800	2800	2800	2800	2800	2800	2800	2800
722	279	306	598	306	306	598	306	2790	2790	2790	2790	2790	2790	2790	2790	2790	2790	2790	2790
723	278	304	592	304	304	592	304	2780	2780	2780	2780	2780	2780	2780	2780	2780	2780	2780	2780
724	277	302	586	302	302	586	302	2770	2770	2770	2770	2770	2770	2770	2770	2770	2770	2770	2770
725	276	300	580	300	300	580	300	2760	2760	2760	2760	2760	2760	2760	2760	2760	2760	2760	2760
726	275	298	574	298	298	574	298	2750	2750	2750	2750	2750	2750	2750	2750	2750	2750	2750	2750
727	274	296	568	296	296	568	296	2740	2740	2740	2740	2740	2740	2740	2740	2740	2740	2740	2740
728	273	294	562	294	294	562	294	2730	2730	2730	2730	2730	2730	2730	2730	2730	2730	2730	2730
729	272	292	556	292	292	556	292	2720	2720	2720	2720	2720	2720	2720	2720	2720	2720	2720	2720
730	271	290	550	290	290	550	290	2710	2710	2710	2710	2710	2710	2710	2710	2710	2710	2710	2710
731	270	288	544	288	288	544	288	2700	2700	2700	2700	2700	2700	2700	2700	2700	2700	2700	2700
732	269	286	538	286	286	538	286	2690	2690	2690	2690	2690	2690	2690	2690	2690	2690	2690	2690
733	268	284	532	284	284	532	284	2680	2680	2680	2680	2680	2680	2680	2680	2680	2680	2680	2680
734	267	282	526	282	282	526	282	2670	2670	2670	2670	2670	2670	2670	2670	2670	2670	2670	2670
735	266	280	520	280	280	520	280	2660	2660	2660	2660	2660	2660	2660	2660	2660	2660	2660	2660
736	265	278	514	278	278	514	278	2650	2650	2650	2650	2650	2650	2650	2650	2650	2650	2650	2650
737	264	276	508	276	276	508	276	2640	2640	2640	2640	2640	2640	2640	2640	2640	2640	2640	2640
738	263	274	502	274	274	502	274	2630	2630	2630	2630	2630	2630	2630	2630	2630	2630	2630	2630
739	262	272	496	272	272	496	272	2620	2620	2620	2620	2620	2620	2620	2620	2620	2620	2620	2620
740	261	270	490	270	270	490	270	2610	2610	2610	2610	2610	2610	2610	2610	2610	2610	2610	2610
741	260	268	484	268	268	484	268	2600	2600	2600	2600	2600	2600	2600	2600	2600	2600	2600	2600
742	259	266	478	266	266	478	266	2590	2590	2590	2590	2590	2590	2590	2590	2590	2590	2590	2590
743	258	264	472	264	264	472	264	2580	2580	2580	2580	2580	2580	2580	2580	2580	2580	2580	2580
744	257	262	466	262	262	466	262	2570	2570	2570	2570	2570	2570	2570	2570	2570	2570	2570	2570
745	256	260	460	260	260	460	260	2560	2560	2560	2560	2560	2560	2560	2560	2560	2560	2560	2560
746	255	258	454	258	258	454	258	2550	2550	2550	2550	2550	2550	2550	2550	2550	2550	2550	2550
747	254	256	448	256	256	448	256	2540	2540	2540	2540	2540	2540	2540	2540	2540	2540	2540	2540
748	253	254	442	254	254	442	254	2530	2530	2530	2530	2530	2530	2530	2530	2530	2530	2530	2530
749	252	252	436	252	252	436	252	2520	2520	2520	2520	2520	2520	2520	2520	2520	2520	2520	2520
750	251	250	430	250	250	430	250	2510	2510	2510	2510	2510	2510	2510	2510	2510	2510	2510	2510
751	250	248	424	248	248	424	248	2500	2500	2500	2500	2500	2500	2500	2500	2500	2500	2500	2500
752	249	246	418	246	246	418	246	2490	2490	2490	2490	2490	2490	2490	2490	2490	2490	2490	2490
753	248	244	412	244	244	412	244	2480	2480	2480	2480	2480	2480	2480	2480	2480	2480	2480	2480
754	247	242	406	242	242	406	242	2470	2470	2470	2470	2470	2470	2470	2470	2470	2470	2470	2470
755	246	240	400	240	240	400	240	2460	2460	2460	2460	2460	2460	2460	2460	2460	2460	2460	2460
756	245	238	394	238	238	394	238	2450	2450	2450	2450	2450	2450	2450	2450	2450	2450	2450	2450
757	244	236	388	236	236	388	236	2440	2440	2440	2440	2440	2440	2440	2440	2440	2440	2440	2440
758	243	234	382	234	234	382	234	2430	2430	2430	2430	2430	2430	2430	2430	2430	2430	2430	2430
759	242	232	376	232	232	376	232	2420	2420	2420	2420	2420	2420	2420	2420	2420	2420	2420	2420
760	241	230	370	230	230	370	230	2410	2410	2410	2410	2410	2410	2410	2410	2410	2410	2410	2410
761	240	228	364	228	228	364	228	2400	2400	2400	2400	2400	2400	2400	2400	2400	2400	2400	2400
762	239	226	358	226	226	358	226	2390	2390	2390	2390	2390	2390	2390	2390	2390	2390	2390	2390
763	238	224	352	224	224	352	224	2380	2380	2380	2380	2380	2380	2380	2380	2380	2380	2380	2380
764	237	222	346	222	222	346	222	2370	2370	2370	2370	2370	2370	2370	2370	2370	2370	2370	2370
765	236	220	340	220	220	340	220	2360	2360	2360	2360	2360	2360	2360	2360	2360	2360	2360	2360
766	235	218	334	218	218	334	218	2350	2350	2350	2350	2350	2350	2350	2350	2350	2350	2350	2350
767	234	216	328	216	216	328	216	2340	2340	2340	2340	2340	2340	2340	2340	2340	2340	2340	2340
768	233	214	322	214	214	322	214	2330	2330	2330	2330	2330	2330	2330	2330	2330	2330	2330	2330
769	232	212	316	212	212	316	212	2320	2320	2320	2320	2320	2320	2320	2320	2320	2320	2320	2320
770	231	210	310	210	210	310	210	2310	2310	2310	2310	2310	2310	2310	2310	2310	2310	2310	2310
771	230	208	304	208	208	304	208	2300	2300	2300	2300	2300	2300	2300	2300	2300	2300	2300	2300
772	229	206	298	206	206	298	206	2290	2290	2290	2290	2290	2290	2290	2290	2290	2290	2290	2290
773	228	204	292	204	204	292	204	2280	2280	2280	2280	2280	2280	2280	2280	2280	2280	2280	2280
774	227	202	286	202	202	286	202	2270	2270	2270	2270	2270	2270	2270	2270	2270	2270	2270	2270
775	226	200	280	200	200	280	200	2260	2260	2260	2260	2260	2260	2260	2260	2260	2260	2260	2260
776	225	198	274	198	198	274	198	2250	2250	2250	2250	2250	2250	2250	2250	2250	2250	2250	2250
777	224	196	268	196	196	268	196	2240	2240	2240	2240	2240	2240	2240	2240	2240	2240	2240	2240
778	223	194	262	194	194	262	194	2230	2230	2230	2230	2230	2230	2230	2230	2230	2230	2230	2230
779	222	192	256	192	192	256	192	2220	2220	2220	2220	2220	2220	2220	2220	2220	2220	2220	2220
780	221	190	250	190	190	250	190	2210	2210	2210	2210	2210	2210	2210	2210	2210	2210	2210	2210
781	220	188	244	188	188	244	188	2200	2200	2200	2200	2200	2200	2200	2200	2200	2200	2200	2200
782	219	186	238	186	186	238	186	2190	2190	2190	2190	2190	2190	2190	2190	2190	2190	2190	2190
783	218	184	232	184	184	232	184	2180	2180	2180	2180	2180	2180	2180	2180	2180	2180	2180	2180
784	217	182	226	182	182	226	182	2170	2170	2170	2170	2170	2170	2170	2170	2170	2170	2170	2170
785	216	180	220	180	180	220	180	2160	2160	2160	2160	2160	2160	2160	2160	2160	2160	2160	2160
786	215	178	214	178	178	214	178	2150	2150	2150	2150	2150	2150	2150	2150	2150	2150	2150	2150
787	214	176	208	176	176	208	176	2140	2140	2140	2140	2140	2140	2140	2140	2140	2140	2140	2140
788	213	174	202	174	174	202	174	2130	2130	2130	2130	2130	2130	2130	2130	2130	2130	2130	2130
789	212	172	196	172	172	196	172	2120	2120	2120	2120	2120	2120	2120	2120	2120	2120	2120	2120
790	211	170	190	170	170	190	170	2110	2110	2110	2110	2110	2110	2110	2110	2110	2110	2110	2110
791	210	168	184	168	168	184	168	2100	2100	2100	2100	2100	2100	2100	2100	2100	2100	2100	2100
792	209	166	178	166	166	178	166	2090	2090	2090	2090	2090	2090	2090	2090	2090	2090	2090	2090
793	208	164	172	164	164	172	164	2080	2080	2080	2080	2080	2080	2080	2080	2080	2080	2080	2080
794	207	162	166	162	162	166	162	2070	2070	2070	2070	2070	2070	2070	2070	2070	2070	2070	2070
795	206	160	160	160	160	160	160	2060	2060	2060	2060	2060	2060	2060	2060	2060	2060	2060	2060
796	205	158	154	158	158	154	158	2050	2050	2050	2050	2050	2050	2050	2050	2050	2050	2050	2050
797	204	156	148	156	156	148	156	2040	2040	2040	2040	2040	2040	2040	2040	2040	2040	2040	2040
798	203	154	142	154	154	142	154	2030	2030	2030	2030	2030	2030	2030	2030	2030	2030	2030	2030
799	202	153	141	153	153	141	153	2020	2020	2020	2020	2020	2020	2020	2020	2020	2020	2020	2020
800	201	152	140	152	152	140	152	2010	2010	2010	2010	2010	2010	2010	2010	2010	2010	2010	2010
801	200	151	139	151	151	139	151	2000	2000	2000	2000	2000	2000	2000	2000	2000	2000	2000	2000
802	199	151	139	151	151	139	151	1990	1990	1990	1990	1990	1990	1990	1990	1990	1990	1990	1990
803	198	151	139	151	151	139	151	1980	1980	1980	1980	1980	1980	1980	1980	1980	1980	1980	1980
804	197	151	139	151	151	139	151	1970	1970	1970	1970	1970	1970	1970	1970	1970	1970	1970	1970
805	196	151	139	151	151	139	151	1960	1960	1960	1960	1960	1960	1960	1960	1960	1960	1960	1960
806	195	151	139	151	151	139	151	1950	1950	1950	1950	1950	1950	1950	1950	1950	1950	1950	1950
807	194	151	139	151	151	139	151	1940	1940	1940	1940	1940	1940	1940	1940	1940	1940	1940	1940
808	193	151	139	151	151	139	151	1930	1930	1930	1930	1930	1930	1930	1930	1930	1930	1930	1930
809	192	151	139	151	151	139	151	1920	1920	1920	1920	1920	1920	1920	1920	1920	1920	1920	1920
810	191	151	139	151	151	139	151	1910	1910	1910	1910	1910	1910	1910	1910	1910	1910	1910	1910
811	190	151	139	151	151	139	151	1900	1900	1900	1900	1900	1900	1900	1900	1900	1900	1900	1900
812	189	151	139	151	151	139	151	1890	1890	1890	1890	1890	1890	1890	1890	1890	1890	1890	1890
813	188	151	139	151	151	139	151	1880	1880	1880	1880	1880	1880	1880	1880	1880	1880	1880	1880
814	187	151	139	151	151	139	151	1870	1870	1870	1870	1870	1870	1870	1870	1870	1870	1870	1870
815	186	151	139	151	151	139	151	1860	1860	1860	1860	1860	1860	1860	1860	1860	1860	1860	1860
816	185	151	139	151	151	139	151	1850	1850	1850	1850	1850	1850	1850	1850	1850	1850	1850	1850
817	184	151	139	151	151	139	151	1840	1840	1840	1840	1840	1840	1840	1840	1840	1840	1840	1840
818	183	151	139	151	151	139	151	1830	1830	1830	1830	1830	1830	1830	1830	1830	1830	1830	1830
819	182	151	139	151	151	139	151	1820	1820	1820	1820	1820	1820	1820	1820	1820	1820	1820	1820
820	181	151	139	151	151	139	151	1810	1810	1810	1810	1810	1810	1810	1810	1810	1810	1810	1810
821	180	151	139	151	151	139	151	1800	1800	1800	1800	1800	1800	1800	1800	1800	1800	1800	1800
822	179	151	139	151	151	139	151	1790	1790	1790	1790	1790	1790	1790	1790	1790	1790	1790	1790
823	178	151	139	151	151	139	151	1780	1780	1780	1780	1780	1780	1780	1780	1780	1780	1780	1780
824	177	151	139	151	151	139	151	1770	1770	1770	1770	1770	1770	1770	1770	1770	1770	1770	1770
825	176	151	139	151	151	139	151	1760	1760	1760	1760	1760	1760	1760	1760	1760	1760	1760	1760
826	175	151	139	151	151	139	151	1750	1750	1750	1750	1750	1750	1750	1750	1750	1750	1750	1750
827	174	151	139	151	151	139	151	1740	1740	1740	1740	1740	1740	1740	1740	1740	1740	1740	1740
828	173	151	139	151	151	139	151	1730	1730	1730	1730	1730	1730	1730	1730	1730	1730	1730	1730
829	172	151	139	151	151	139	151	1720	1720	1720	1720	1720	1720	1720	1720	1720	1720	1720	1720
830	171	151	139	151	151	139	151	1710	1710	1710	1710	1710	1710	1710	1710	1710	1710	1710	1710
831	170	151	139	151	151	139	151	1700	1700	1700	1700	1700	1700	1700	1700	1700	1700	1700	1700
832	169	151	139	151	151	139	151	1690	1690	1690	1690	1690	1690	1690	1690	1690	1690	1690	1690
833	168	151	139	151	151	139	151	1680	1680	1680	1680	1680	1680	1680	1680	1680	1680	1680	1680
834	167	151	139	151	151	139	151	1670	1670	1670	1670	1670	1670	1670	1670	1670	1670	1670	1670
835	166	151	139	151	151	139	151	1660	1660	1660	1660	1660	1660	1660	1660	1660	1660	1660	1660
836	165	151	139	151	151	139	151	1650	1650	1650	1650	1650	1650	1650	1650	1650	1650	1650	1650
837	164	151	139	151	151	139	151	1640	1640	1640	1640	1640	1640	1640	1640	1640	1640	1640	1640
838	163	151	139	151	151	139	151	1630	1630	1630	1630	1630	1630	1630	1630	1630	1630	1630	1630
839	162	151	139	151	151	139	151	1620	1620	1620	1620	1620	1620	1620	1620	1620	1620	1620	1620
840	161	151	139	151	151	139	151	1610	1610	1610	1610	1610	1610	1610	1610	1610	1610	1610	1610
841	160	151	139	151	151	139	151	1600	1600	1600	1600	1600	1600	1600	1600	1600	1600	1600	1600
842	159	151	139	151	151	139	151	1590	1590	1590	1590	1590	1590	1590	1590	1590	1590	1590	1590
843	158	151	139	151	151	139	151	1580	1580	1580	1580	1580	1580	1580	1580	1580	1580	1580	1580
844	157	151	139	151	151	139	151	1570	1570	1570	1570	1570	1570	1570	1570	1570	1570	1570	1570
845	156	151	139	151	151	139	151	1560	1560	1560	1560	1560	1560	1560	1560	1560	1560	1560	1560
846	155	151	139	151	151	139	151	1550	1550	1550	1550	1550	1550	1550	1550	1550	1550	1550	1550
847	154	151	139	151	151	139	151	1540	1540	1540	1540	1540	1540	1540	1540	1540	1540	1540	1540
848	153	151	139	151	151	139	151	1530	1530	1530	1530	1530	1530	1530	1530	1530	1530	1530	1530
849	152	151	139	151	151	139	151	1520	1520	1520	1520	1520	1520	1520	1520	1520	1520	1520	1520
850	151	151	139	151	151	139	151	1510	1510	1510	1510	1510	1510	1510	1510	1510	1510	1510	1510
851	150	151	139	151	151	139	151	1500	1500	1500	1500	1500	1500	1500	1500	1500	1500	1500	1500
852	149	151	139	151	151	139	151	1490	1490	1490	1490	1490	1490	1490	1490	1490	1490	1490	1490
853	148	151	139	151	151	139	151	1480	1480	1480	1480	1480	1480	1480	1480	1480	1480	1480	1480
854	147	151	139	151	151	139	151	1470	1470	1470	1470	1470	1470	1470	1470	1470	1470	1470	1470
855	146	151	139	151	151	139	151	1460	1460	1460	1460	1460	1460	1460	1460	1460	1460	1460	1460
856	145	151	139	151	151	139	151	1450	1450	1450	1450	1450	1450	1450	1450	1450	1450	1450	1450
857	144	151	139	151	151	139	151	1440	1440	1440	1440	1440	1440	1440	1440	1440	1440	1440	1440
858	143	151	139	151	151	139	151	1430	1430	1430	1430	1430	1430	1430	1430	1430	1430	1430	1430
859	142	151	139	151	151	139	151	1420	1420	1420	1420	1420	1420	1420	1420	1420	1420	1420	1420
860	141	151	139	151	151	139	151	1410	1410	1410	1410	1410	1410	1410	1410	1410	1410	1410	1410
861	140	151	139	151	151	139	151	1400	1400	1400	1400	1400	1400	1400	1400	1400	1400	1400	1400
862	139	151	139	151	151	139	151	1390	1390	1390	1390	1390	1390	1390	1390	1390	1390	1390	1390
863	138	151	139	151	151	139	151	1380	1380	1380	1380	1380	1380	1380	1380	1380	1380	1380	1380
864	137	151	139	151	151	139	151	1370	1370	1370	1370	1370	1370	1370	1370	1370	1370	1370	1370
865	136	151	139	151	151	139	151	1360	1360	1360	1360	1360	1360	1360	1360	1360	1360	1360	1360
866	135	151	139	151	151	139	151	1350	1350	1350	1350	1350	1350	1350	1350	1350	1350	1350	1350
867	134	151	139	151	151	139	151	1340	1340	1340	1340	1340	1340	1340	1340	1340	1340	1340	1340
868	133	151	139	151	151	139	151	1330	1330	1330	1330	1330	1330	1330	1330	1330	1330	1330	1330
869	132	151	139	151	151	139	151	1320	1320	1320	1320	1320	1320	1320	1320	1320	1320	1320	1320
870	131	151	139	151	151	139	151	1310	1310	1310	1310	1310	1310	1310	1310	1310	1310	1310	1310
871	130	151	139	151	151	139	151	1300	1300	1300	1300	1300	1300	1300	1300	1300	1300	1300	1300
872	129	151	139	151	151	139	151	1290	1290	1290	1290	1290	1290	1290	1290	1290	1290	1290	1290
873	128	151	139	151	151	139	151	1280	1280	1280	1280	1280	1280	1280	1280	1280	1280	1280	1280
874	127	151	139	151	151	139	151	1270	1270	1270	1270	1270	1270	1270	1270	1270	1270	1270	1270
875	126	151	139	151	151	139	151	1260	1260	1260	1260	1260	1260	1260	1260	1260	1260	1260	1260
876	125	151	139	151	151	139	151	1250	1250	1250	1250	1250	1250	1250	1250	1250	1250	1250	1250
877	124	151	139	151	151	139	151	1240	1240	1240	1240	1240	1240	1240	1240	1240	1240	1240	1240
878	123	151	139	151	151	139	151	1230	1230	1230	1230	1230	1230	1230	1230	1230	1230	1230	1230
879	122	151	139	151	151	139	151	1220	1220	1220	1220	1220	1220	1220	1220	1220	1220	1220	1220
880	121	151	139	151	151	139	151	1210	1210	1210	1210	1210	1210	1210	1210	1210	1210	1210	1210
881	120	151	139	151	151	139	151	1200	1200	1200	1200	1200	1200	1200	1200	1200	1200	1200	1200
882	119	151	139	151	151	139	151	1190	1190	1190	1190	1190	1190	1190	1190	1190	1190	1190	1190
883	118	151	139	151	151	139	151	1180	1180	1180	1180	1180	1180	1180	1180	1180	1180	1180	1180
884	117	151	139	151	151	139	151	1170	1170	1170	1170	1170	1170	1170	1170	1170	1170	1170	1170
885	116	151	139	151	151	139	151	1160	1160	1160	1160	1160	1160	1160	1160	1160	1160	1160	1160
886	115	151	139	151	151	139	151	1150	1150	1150	1150	1150	1150	1150	1150	1150	1150	1150	1150
887	114	151	139	151	151	139	151	1140	1140	1140	1140	1140	1140	1140	1140	1140	1140	1140	1140
888	113	151	139	151	151	139	151	1130	1130	1130	1130	1130	1130	1130	1130	1130	1130	1130	1130
889	112	151	139	151	151	139	151	1120	1120	1120	1120	1120	1120	1120	1120	1120	1120	1120	1120
890	111	151	139	151	151	139	151	1110	1110	1110	1110	1110	1110	1110	1110	1110	1110	1110	1110
891	110	151	139	151	151	139	151	1100	1100	1100	1100	1100	1100	1100	1100	1100	1100	1100	1100
892	109	151	139	151	151	139	151	1090	1090	1090	1090	1090	1090	1090	1090	1090	1090	1090	1090
893	108	151	139	151	151	139	151	1080	1080	1080	1080	1080	1080	1080	1080	1080	1080	1080	1080
894	107	151	139	151	151	139	151	1070	1070	1070	1070	1070	1070	1070	1070	1070	1070	1070	1070
895	106	151	139	151	151	139	151	1060	1060	1060	1060	1060	1060	1060	1060	1060	1060	1060	1060
896	105	151	139	151	151	139	151	1050	1050	1050	1050	1050	1050	1050	1050	1050	1050	1050	1050
897	104	151	139	151	151	139	151	1040	1040	1040	1040	1040	1040	1040	1040	1040	1040	1040	1040
898	103	151	139	151	151	139	151	1030	1030	1030	1030	1030	1030	1030	1030	1030	1030	1030	1030
899	102	151	139	151	151	139	151	1020	1020	1020	1020	1020	1020	1020	1020	1020	1020	1020	1020
900	101	151	139	151	151	139	151	1010	1010	1010	1010	1010	1010	1010	1010	1010	1010	1010	1010
901	100	151	139	151	151	139	151	1000	1000	1000	1000	1000	1000	1000	1000	1000	1000	1000	1000
902	100	151	139	151	151	139	151	1000	1000	1000	1000	1000	1000	1000	1000	1000	1000	1000	1000
903	100	151	139	151	151	139	151	1000	1000	1000	1000	1000	1000	1000	1000	1000	1000	1000	1000
904	100	151	139	151	151	139	151	1000	1000	1000	1000	1000	1000	1000	1000	1000	1000	1000	1000
905	100	151	139	151	151	139	151	1000	1000	1000	1000	1000	1000	1000	1000	1000	1000	1000	1000
906	100	151	139	151	151	139	151	1000	1000	1000	1000	1000	1000	1000	1000	1000	1000	1000	1000
907	100	151	139	151	151	139	151	1000	1000	1000	1000	1000	1000	1000	1000	1000	1000	1000	1000
908	100	151	139	151	151	139	151	1000	1000	1000	1000	1000	1000	1000	1000	1000	1000	1000	1000
909	100	151	139	151	151	139	151	1000	1000	1000	1000	1000	1000	1000	1000	1000	1000	1000	1000
910	100	151	139	151	151	139	151	1000	1000	1000	1000	1000	1000	1000	1000	1000	1000	1000	1000
911	100	151	139	151	151	139	151	1000	1000	1000	1000	1000	1000	1000	1000	1000	1000	1000	1000
912	100	151	139	151	151	139	151	1000	1000	1000	1000	1000	1000	1000	1000	1000	1000	1000	1000
913	100	151	139	151	151	139	151	1000	1000	1000	1000	1000	1000	1000	1000	1000	1000	1000	1000
914	100	151	139	151	151	139	151	1000	1000	1000	1000	1000	1000	1000	1000	1000	1000	1000	1000
915	100	151	139	151	151	139	151	1000	1000	1000	1000	1000	1000	1000	1000	1000	1000	1000	1000
916	100	151	139	151	151	139	151	1000	1000	1000	1000	1000	1000	1000	1000	1000	1000	1000	1000
917	100	151	139	151	151	139	151	1000	1000	1000	1000	1000	1000	1000	1000	1000	1000	1000	1000
918	100	151	139	151	151	139	151	1000	1000	1000	1000	1000	1000	1000	1000	1000	1000	1000	1000
919	100	151	139	151	151	139	151	1000	1000	1000	1000	1000	1000	1000	1000	1000	1000	1000	1000
920	100	151	139	151	151	139	151	1000	1000	1000	1000	1000	1000	1000	1000	1000	1000	1000	1000
921	100	151	139	151	151	139	151	1000	1000	1000	1000	1000	1000	1000	1000	1000	1000	1000	1000
922	100	151	139	151	151	139	151	1000	1000	1000	1000	1000	1000	1000	1000	1000	1000	1000	1000
923	100	151	139	151	151	139	151	1000	1000	1000	1000	1000	1000	1000	1000	1000	1000	1000	1000
924	100	151	139	151	151	139	151	1000	1000	1000	1000	1000	1000	1000	1000	1000	1000	1000	1000
925	100	151	139	151	151	139	151	1000	1000	1000	1000	1000	1000	1000	1000	1000	1000	1000	1000
926	100	151	139	151	151	139	151	1000	1000	1000	1000	1000	1000	1000	1000	1000	1000	1000	1000
927	100	151	139	151	151	139	151	1000	1000	1000	1000	1000	1000	1000	1000	1000	1000	1000	1000
928	100	151	139	151	151	139	151	1000	1000	1000	1000	1000	1000	1000	1000	1000	1000	1000	1000
929	100	151	139	151	151	139	151	1000	1000	1000	1000	1000	1000	1000	1000	1000	1000	1000	1000
930	100	151	139	151	151	139	151	1000	1000	1000	1000	1000	1000	1000	1000	1000	1000	1000	1000
931	100	151	139	151	151	139	151	1000	1000	1000	1000	1000	1000	1000	1000	1000	1000	1000	1000
932	100	151	139	151	151	139	151	1000	1000	1000	1000	1000	1000	1000	1000	1000	1000	1000	1000
933	100	151	139	151	151	139	151	1000	1000	1000	1000	1000	1000	1000	1000	1000	1000	1000	1000
934	100	151	139	151	151	139	151	1000	1000	1000	1000	1000	1000	1000	1000	1000	1000	1000	1000
935	100	151	139	151	151	139	151	1000	1000	1000	1000	1000	1000	1000	1000	1000	1000	1000	1000
936	100	151	139	151	151	139	151	1000	1000	1000	1000	1000	1000	1000	1000	1000	1000	1000	1000
937	100	151	139	151	151	139	151	1000	1000	1000	1000	1000	1000	1000	1000	1000	1000	1000	1000
938	100	151	139	151	151	139	151	1000	1000	1000	1000	1000	1000	1000	1000	1000	1000	1000	1000
939	100	151	139	151	151	139	151	1000	1000	1000	1000	1000	1000	1000	1000	1000	1000	1000	1000
940	100	151	139	151	151	139	151	1000	1000	1000	1000	1000	1000	1000	1000	1000	1000	1000	1000
941	100	151	139	151	151	139	151	1000	1000	1000	1000	1000	1000	1000	1000	1000	1000	1000	1000
942	100	151	139	151	151	139	151	1000	1000	1000	1000	1000	1000	1000	1000	1000	1000	1000	1000
943	100	151	139	151	151	139	151	1000	1000	1000	1000	1000	1000	1000	1000	1000	1000	1000	1000
944	100	151	139	151	151	139	151	1000	1000	1000	1000	1000	1000	1000	1000	1000	1000	1000	1000
945	100	151	139	151	151	139	151	1000	1000	1000	1000	1000	1000	1000	1000	1000	1000	1000	1000
946	100	151	139	151	151	139	151	1000	1000	1000	1000	1000	1000	1000	1000	1000	1000	1000	1000
947	100	151	139	151	151	139	151	1000	1000	1000	1000	1000	1000	1000	1000	1000	1000	1000	1000
948	100	151	139	151	151	139	151	1000	1000	1000	1000	1000	1000	1000	1000	1000	1000	1000	1000
949	100	151	139	151	151	139	151	1000	1000	1000	1000	1000	1000	1000	1000	1000	1000	1000	1000
950	100	151	139	151	151	139	151	1000	1000	1000	1000	1000	1000	1000	1000	1000	1000	1000	1000
951	100	151	139	151	151	139	151	1000	1000	1000	1000	1000	1000	1000	1000	1000	1000	1000	1000
952	100	151	139	151	151	139	151	1000	1000	1000	1000	1000	1000	1000	1000	1000	1000	1000	1000
953	100	151	139	151	151	139	151	1000	1000	1000	1000	1000	1000	1000	1000	1000	1000	1000	1000
954	100	151	139	151	151	139	151	1000	1000	1000	1000	1000	1000	1000	1000	1000	1000	1000	1000
955	100	151	139	151	151	139	151	1000	1000	1000	1000	1000	1000	1000	1000	1000	1000	1000	1000
956	100	151	139	151	151	139	151	1000	1000	1000	1000	1000	1000	1000	1000	1000	1000	1000	1000
957	100	151	139	151	151	139	151	1000	1000	1000	1000	1000	1000	1000	1000	1000	1000	1000	1000
958	100	151	139	151	151	139	151	1000	1000	1000	1000	1000	1000	1000	1000	1000	1000	1000	1000
959	100	151	139	151	151	139	151	1000	1000	1000	1000	1000	1000	1000	1000	1000	1000	1000	1000
960	100	151	139	151	151	139	151	1000	1000	1000	1000	1000	1000	1000	1000	1000	1000	1000	1000
961	100	151	139	151	151	139	151	1000	1000	1000	1000	1000	1000	1000	1000	1000	1000	1000	1000
962	100	151	139	151	151	139	151	1000	1000	1000	1000	1000	1000	1000	1000	1000	1000	1000	1000
963	100	151	139	151	151	139	151	1000	1000	1000	1000	1000	1000	1000	1000	1000	1000	1000	1000
964	100	151	139	151	151	139	151	1000	1000	1000	1000	1000	1000	1000	1000	1000	1000	1000	1000
965	100	151	139	151	151	139	151	1000	1000	1000	1000	1000	1000	1000	1000	1000	1000	1000	1000
966	100	151	139	151	151	139	151	1000	1000	1000	1000	1000	1000	1000	1000	1000	1000	1000	1000
967	100	151	139	151	151	139	151	1000	1000	1000	1000	1000	1000	1000	1000	1000	1000	1000	1000
968	100	151	139	151	151	139	151	1000	1000	1000	1000	1000	1000	1000	1000	1000	1000	1000	1000
969	100	151	139	151	151	139	151	1000	1000	1000	1000	1000	1000	1000	1000	1000	1000	1000	1000
970	100	151	139	151	151	139	151	1000	1000	1000	1000	1000	1000	1000	1000	1000	1000	1000	1000
971	100	151	139	151	151	139	151	1000	1000	1000	1000	1000	1000	1000	1000	1000	1000	1000	1000
972	100	151	139	151	151	139	151	1000	1000	1000	1000	1000	1000	1000	1000	1000	1000	1000	1000
973	100	151	139	151	151	139	151	1000	1000	1000	1000	1000	1000	1000	1000	1000	1000	1000	1000
974	100	151	139	151	151	139	151	1000	1000	1000	1000	1000	1000	1000	1000	1000	1000	1000	1000
975	100	151	139	151	151	139	151	1000	1000	1000	1000	1000	1000	1000	1000	1000	1000	1000	1000
976	100	151	139	151	151	139	151	1000	1000	1000	1000	1000	1000	1000	1000	1000	1000	1000	1000
977	100	151	139	151	151	139	151	1000	1000	1000	1000	1000	1000	1000	1000	1000	1000	1000	1000
978	100	151	139	151	151	139	151	1000	1000	1000	1000	1000	1000	1000	1000	1000	1000	1000	1000
979	100	151	139	151	151	139	151	1000	1000	1000	1000	1000	1000	1000	1000	1000	1000	1000	1000
980	100	151	139	151	151	139	151	1000	1000	1000	1000	1000	1000	1000	1000	1000	1000	1000	1000
981	100	151	139	151	151	139	151	1000	1000	1000	1000	1000	1000	1000	1000	1000	1000	1000	1000
982	100	151	139	151	151	139	151	1000	1000	1000	1000	1000	1000	1000	1000	1000	1000	1000	1000
983	100	151	139	151	151	139	151	1000	1000	1000	1000	1000	1000	1000	1000	1000	1000	1000	1000
984	100	151	139	151	151	139	151	1000	1000	1000	1000	1000	1000	1000	1000	1000	1000	1000	1000
985	100	151	139	151	151	139	151	1000	1000	1000	1000	1000	1000	1000	1000	1000	1000	1000	1000
986	100	151	139	151	151	139	151	1000	1000	1000	1000	1000	1000	1000	1000	1000	1000	1000	1000
987	100	151	139	151	151	139	151	1000	1000	1000	1000	1000	1000	1000	1000	1000	1000	1000	1000
988	100	151	139	151	151	139	151	1000	1000	1000	1000	1000	1000	1000	1000	1000	1000	1000	1000
989	100	151	139	151	151	139	151	1000	1000	1000	1000	1000	1000	1000	1000	1000	1000	1000	1000
990	100	151	139	151	151	139	151	1000	1000	1000	1000	1000	1000	1000	1000	1000	1000	1000	1000
991	100	151	139	151	151	139	151	1000	1000	1000	1000	1000	1000	1000	1000	1000	1000	1000	1000
992	100	151	139	151	151	139	151	1000	1000	1000	1000	1000	1000	1000	1000	1000	1000	1000	1000
993	100	151	139	151	151	139	151	1000	1000	1000	1000	1000	1000	1000	1000	1000	1000	1000	1000
994	100	151	139	151	151	139	151	1000	1000	1000	1000	1000	1000	1000	1000	1000	1000	1000	1000
995	100	151	139	151	151	139	151	1000	1000	1000	1000	1000	1000	1000	1000	1000	1000	1000	1000
996	100	151	139	151	151	139	151	1000	1000	1000	1000	1000	1000	1000	1000	1000	1000	1000	1000
997	100	151	139	151	151	139	151	1000	1000	1000	1000	1000	1000	1000	1000	1000	1000	1000	1000
998	100	151	139	151	151	139	151	1000	1000	1000	1000	1000	1000	1000	1000	1000	1000	1000	1000
999	100	151	139	151	151	139	151	1000	1000	1000	1000	1000	1000	1000	1000	1000	1000	1000	1000
1000	100	151	139	151	151	139	151	1000	1000	1000	1000	1000	1000	1000	1000	1000	1000	1000	1000
